#PIXEL  #BOARD  #CHANNEL  #MACROCELL L1  #ALL MACROCELLS  #ATTENUATION
582        1        25        1        1,0,0        14.000000
354        2        24        3        3,0,0        14.000000
570        3        19        7        7,0,0        14.000000
363        4        18        9        6,9,0        14.000000
189        5        15        12        5,12,0        14.000000
183        6        4        15        10,15,0        14.000000
345        7        5        18        13,18,0        14.000000
406        7        20        31        26,31,0        14.000000
438        7        32        23        17,23,0        14.000000
12        9        11        28        16,28,0        14.000000
111        9        4        27        20,27,0        14.000000
97        10        11        30        21,30,0        14.000000
252        12        9        36        29,36,0        14.000000
55        13        16        42        33,42,0        14.000000
61        14        1        45        34,45,0        14.000000
220        14        30        47        38,47,0        14.000000
316        15        25        49        40,49,0        14.000000
163        16        20        53        44,53,0        14.000000
328        17        19        55        48,55,0        14.000000
#Delay 0.010000    17    0    22    0    25    14    24    0    14    25    0    25    25    0    25    18    25    25    0    21    25    0    25    0    0    25    23    22    20    25    25    0    25    24    0    17    0    25    0    15    0    25    0    23    23    0    25    24    14    0    0    0    23    0    24    
#Delay 0.510000    18    0    24    0    22    17    22    0    17    24    0    23    19    0    24    22    22    19    0    23    24    0    22    0    0    24    23    23    20    24    24    0    24    20    0    20    0    23    0    16    0    24    0    23    20    0    23    21    16    0    0    0    23    0    21    
#Delay 1.010000    22    0    25    0    24    21    25    0    22    25    0    24    22    0    25    22    24    22    0    25    25    0    25    0    0    25    25    24    19    25    25    0    25    25    0    17    0    25    0    12    0    25    0    25    23    0    25    24    12    0    0    0    25    0    24    
#Delay 1.510000    20    0    24    0    24    19    24    0    22    24    0    24    23    0    24    22    23    23    0    24    24    0    23    0    0    24    24    23    16    24    24    0    24    23    0    14    0    24    0    10    0    24    0    23    23    0    24    22    10    0    0    0    20    0    22    
#Delay 2.010000    20    0    25    0    24    20    24    0    20    25    0    24    21    0    25    24    23    21    0    24    25    0    24    0    0    25    24    24    21    25    25    0    25    25    0    21    0    24    0    14    0    25    0    25    23    0    24    25    14    0    0    0    25    0    25    
#Delay 2.510000    18    0    25    0    24    7    24    0    7    25    0    25    21    0    25    22    24    21    0    24    25    0    24    0    0    25    24    24    21    25    25    0    25    22    0    18    0    23    0    15    0    25    0    23    20    0    21    22    15    0    0    0    23    0    22    
#Delay 3.010000    2    0    24    0    22    0    15    0    0    25    0    22    16    0    25    19    23    22    0    22    25    0    23    0    0    23    21    23    15    25    23    0    23    23    0    14    0    12    0    3    0    24    0    15    22    0    7    24    3    0    0    0    21    0    24    
#Delay 3.510000    0    0    21    0    25    0    2    0    0    25    0    25    10    0    25    22    22    12    0    6    24    0    23    0    0    19    3    22    18    24    12    0    16    24    0    13    0    0    0    14    0    22    0    6    24    0    0    21    14    0    0    0    20    0    23    
#Delay 4.010000    0    0    19    0    21    0    0    0    0    25    0    24    2    0    25    10    19    7    0    2    25    0    19    0    0    2    2    22    3    25    1    0    5    20    0    1    0    0    0    5    0    7    0    1    19    0    0    18    5    0    0    0    24    0    22    
#Delay 4.510000    0    0    7    0    19    0    0    0    0    25    0    20    0    0    25    4    5    0    0    0    25    0    5    0    0    2    0    11    7    25    0    0    0    13    0    2    0    0    0    2    0    2    0    0    9    0    0    16    2    0    0    0    24    0    24    
#Delay 5.010000    0    0    0    0    2    0    0    0    0    16    0    4    0    0    23    0    0    0    0    0    17    0    2    0    0    0    0    4    0    25    0    0    0    0    0    0    0    0    0    0    0    0    0    0    0    0    0    6    0    0    0    0    23    0    24    
#Delay 5.510000    0    0    0    0    0    0    0    0    0    5    0    2    0    0    9    0    0    0    0    0    2    0    0    0    0    0    0    0    0    9    0    0    0    0    0    0    0    0    0    0    0    0    0    0    0    0    0    0    0    0    0    0    12    0    22    
#Delay 6.010000    0    0    0    0    0    0    0    0    0    3    0    0    0    0    4    0    0    0    0    0    2    0    0    0    0    0    0    0    0    11    0    0    0    0    0    0    0    0    0    0    0    0    0    0    0    0    0    0    0    0    0    0    10    0    24    
#PIXEL  #BOARD  #CHANNEL  #MACROCELL L1  #ALL MACROCELLS  #ATTENUATION
501        1        19        1        1,2,0        14.000000
353        2        23        3        3,4,0        14.000000
569        3        18        7        7,0,0        14.000000
300        4        12        9        6,8,9        14.000000
144        5        14        12        5,11,12        14.000000
182        6        10        15        10,14,15        14.000000
344        7        11        18        13,18,0        14.000000
369        7        28        23        17,19,23        14.000000
78        8        30        27        20,24,27        14.000000
11        9        12        28        16,22,28        14.000000
133        10        15        30        21,25,30        14.000000
478        11        14        31        26,31,0        14.000000
201        12        3        36        29,35,36        14.000000
56        13        11        42        33,37,42        14.000000
91        14        2        45        34,39,45        14.000000
274        15        3        47        38,41,47        14.000000
317        15        26        49        40,46,49        14.000000
211        16        21        53        44,50,53        14.000000
394        17        23        55        48,51,55        14.000000
#Delay 0.010000    21    22    19    19    20    25    20    25    25    15    20    21    25    17    15    24    25    24    25    17    22    24    25    17    22    25    18    24    25    21    25    0    24    0    25    25    24    24    0    17    24    24    0    19    0    17    24    21    17    18    21    0    18    0    22    
#Delay 0.510000    24    25    23    23    17    25    18    25    25    21    17    17    25    22    19    25    25    25    25    20    21    25    25    19    21    21    21    25    25    21    21    0    25    0    25    25    25    22    0    13    22    25    0    24    0    13    23    24    10    21    24    0    21    0    24    
#Delay 1.010000    18    20    25    25    21    25    20    25    25    19    21    22    25    21    19    24    25    25    25    19    25    24    25    19    25    21    22    24    25    25    21    0    25    0    24    24    25    24    0    18    24    25    0    24    0    18    24    23    17    23    23    0    23    0    24    
#Delay 1.510000    21    23    25    25    22    23    18    24    24    20    22    22    23    23    20    24    25    23    25    21    24    24    25    20    24    25    23    25    24    24    25    0    25    0    24    24    25    23    0    24    23    25    0    24    0    24    24    20    21    24    20    0    24    0    22    
#Delay 2.010000    24    24    22    22    22    25    18    25    25    21    22    22    25    21    21    25    25    25    25    19    25    25    25    19    25    25    19    25    25    25    25    0    24    0    25    25    24    25    0    22    25    24    0    23    0    20    25    24    17    23    24    0    23    0    24    
#Delay 2.510000    21    21    20    20    20    25    14    25    25    16    20    20    23    21    14    24    24    23    24    18    23    24    24    16    23    21    21    24    24    23    21    0    25    0    23    22    23    25    0    11    25    23    0    23    0    10    25    22    9    20    22    0    20    0    24    
#Delay 3.010000    18    20    23    22    14    22    2    22    18    4    14    14    23    9    4    23    24    24    24    16    19    24    24    12    19    18    13    24    23    19    13    0    24    0    21    18    24    23    0    5    23    24    0    21    0    1    23    23    1    21    22    0    18    0    23    
#Delay 3.510000    10    14    7    4    5    3    0    3    2    0    10    10    16    2    0    12    25    18    25    2    21    15    25    0    21    2    0    19    3    21    0    0    22    0    0    0    21    23    0    0    23    22    0    12    0    0    23    13    0    11    0    0    14    0    21    
#Delay 4.010000    2    10    6    6    0    1    0    1    1    0    2    2    1    0    0    6    25    5    25    2    23    6    25    0    23    1    0    9    0    23    0    0    25    0    0    0    24    23    0    1    24    24    0    9    0    1    24    6    1    6    1    0    22    0    20    
#Delay 4.510000    2    2    0    0    0    0    0    0    0    0    0    0    0    0    0    0    25    0    25    0    24    0    25    0    25    0    0    0    0    25    0    0    21    0    0    0    22    24    0    0    24    19    0    4    0    0    24    0    0    0    0    0    22    0    22    
#Delay 5.010000    0    0    0    0    0    0    0    0    0    0    0    0    0    0    0    0    23    0    17    0    13    0    23    0    17    0    0    0    0    22    0    0    11    0    0    0    11    23    0    0    21    9    0    0    0    0    22    0    0    0    0    0    20    0    21    
#Delay 5.510000    0    0    0    0    0    0    0    0    0    0    0    0    0    0    0    0    20    0    7    0    6    0    14    0    12    0    0    0    0    15    0    0    0    0    0    0    0    12    0    0    5    0    0    0    0    0    5    0    0    0    0    0    21    0    22    
#Delay 6.010000    0    0    0    0    0    0    0    0    0    0    0    0    0    0    0    0    6    0    0    0    0    0    4    0    1    0    0    0    0    3    0    0    0    0    0    0    0    4    0    0    2    0    0    0    0    0    2    0    0    0    0    0    15    0    9    
#PIXEL  #BOARD  #CHANNEL  #MACROCELL L1  #ALL MACROCELLS  #ATTENUATION
426        1        10        1        1,2,0        14.000000
352        2        22        3        3,4,0        14.000000
568        3        17        7        7,0,0        14.000000
243        4        5        9        8,9,0        14.000000
105        5        13        12        11,12,0        14.000000
181        6        15        15        14,15,0        14.000000
306        7        25        23        19,23,0        14.000000
343        7        16        18        18,0,0        14.000000
51        8        24        27        24,27,0        14.000000
10        9        13        28        22,28,0        14.000000
175        10        20        30        25,30,0        14.000000
156        11        30        36        35,36,0        14.000000
556        11        19        31        31,0,0        14.000000
57        13        6        42        37,42,0        14.000000
127        14        3        45        39,45,0        14.000000
318        15        27        49        46,49,0        14.000000
334        15        9        47        41,47,0        14.000000
265        16        22        53        50,53,0        14.000000
466        17        24        55        51,55,0        14.000000
#Delay 0.010000    19    21    21    21    0    0    22    22    23    0    0    0    0    23    22    0    0    24    25    0    0    23    25    24    25    0    25    23    0    25    21    0    0    0    24    24    16    0    22    0    21    15    0    0    22    25    21    0    25    23    25    0    21    0    25    
#Delay 0.510000    21    22    23    23    0    0    20    21    22    0    0    0    0    23    23    0    0    25    25    0    0    25    25    25    25    0    25    25    0    25    24    0    0    0    22    20    21    0    21    0    21    21    0    0    21    21    21    0    21    16    25    0    16    0    25    
#Delay 1.010000    25    25    23    22    0    0    21    23    23    0    0    0    0    25    25    0    0    24    21    0    0    25    21    25    24    0    25    25    0    24    25    0    0    0    24    24    23    0    20    0    21    23    0    0    20    23    21    0    23    22    25    0    22    0    25    
#Delay 1.510000    25    25    22    22    0    0    19    23    23    0    0    0    0    25    25    0    0    25    20    0    0    25    20    25    25    0    25    25    0    25    25    0    0    0    23    22    22    0    22    0    24    22    0    0    22    25    24    0    24    19    24    0    18    0    24    
#Delay 2.010000    24    24    22    22    0    0    22    19    19    0    0    0    0    25    25    0    0    24    23    0    0    24    23    25    25    0    25    24    0    25    24    0    0    0    17    8    23    0    23    0    21    22    0    0    23    22    21    0    22    17    25    0    18    0    25    
#Delay 2.510000    13    23    22    20    0    0    13    22    22    0    0    0    0    23    23    0    0    24    23    0    0    23    23    24    20    0    24    23    0    20    21    0    0    0    3    1    19    0    24    0    19    19    0    0    24    22    19    0    22    9    23    0    20    0    23    
#Delay 3.010000    2    7    17    17    0    0    7    18    18    0    0    0    0    22    21    0    0    24    20    0    0    24    20    24    8    0    24    24    0    8    19    0    0    0    2    0    19    0    21    0    18    18    0    0    21    21    18    0    21    2    19    0    15    0    24    
#Delay 3.510000    0    0    18    18    0    0    0    16    16    0    0    0    0    17    4    0    0    21    14    0    0    24    18    24    0    0    24    24    0    0    17    0    0    0    0    0    20    0    13    0    19    16    0    0    20    23    20    0    23    0    7    0    16    0    23    
#Delay 4.010000    0    0    22    21    0    0    2    10    8    0    0    0    0    4    4    0    0    10    7    0    0    19    17    25    3    0    25    19    0    3    21    0    0    0    0    0    20    0    6    0    20    17    0    0    12    23    20    0    23    0    6    0    11    0    25    
#Delay 4.510000    0    0    16    14    0    0    0    4    4    0    0    0    0    0    0    0    0    4    0    0    0    12    0    25    0    0    25    16    0    0    19    0    0    0    0    0    8    0    0    0    10    6    0    0    0    15    10    0    16    0    0    0    10    0    24    
#Delay 5.010000    0    0    9    6    0    0    0    0    0    0    0    0    0    0    0    0    0    0    0    0    0    2    0    21    0    0    23    4    0    0    9    0    0    0    0    0    2    0    0    0    1    2    0    0    0    4    5    0    5    0    0    0    12    0    25    
#Delay 5.510000    0    0    0    0    0    0    0    0    0    0    0    0    0    0    0    0    0    0    0    0    0    0    0    13    0    0    18    0    0    0    0    0    0    0    0    0    0    0    0    0    0    0    0    0    0    0    0    0    0    0    0    0    4    0    25    
#Delay 6.010000    0    0    0    0    0    0    0    0    0    0    0    0    0    0    0    0    0    0    0    0    0    0    0    0    0    0    0    0    0    0    0    0    0    0    0    0    0    0    0    0    0    0    0    0    0    0    0    0    0    0    0    0    0    0    16    
#PIXEL  #BOARD  #CHANNEL  #MACROCELL L1  #ALL MACROCELLS  #ATTENUATION
355        1        15        3        2,3,0        14.000000
583        1        26        1        1,0,0        14.000000
491        3        14        7        4,7,0        14.000000
364        4        19        9        6,9,0        14.000000
140        5        30        15        10,11,15        14.000000
190        5        11        12        5,8,12        14.000000
284        6        30        18        13,14,18        14.000000
514        8        3        23        17,23,0        14.000000
13        9        16        28        16,24,28        14.000000
151        9        5        27        19,20,27        14.000000
66        10        10        30        21,22,30        14.000000
339        11        7        31        25,26,31        14.000000
310        12        16        36        29,32,36        14.000000
83        13        23        42        33,35,42        14.000000
60        14        5        45        34,37,45        14.000000
171        14        29        47        38,39,47        14.000000
380        15        28        49        40,43,49        14.000000
209        16        24        53        44,46,53        14.000000
327        17        18        55        48,50,55        14.000000
#Delay 0.010000    25    24    24    25    23    21    25    23    21    23    23    23    24    24    24    24    25    24    20    20    19    19    25    23    23    23    21    25    25    19    23    25    23    18    24    25    14    25    25    25    0    23    25    24    17    24    25    23    24    23    0    0    24    0    23    
#Delay 0.510000    25    25    25    24    23    24    24    22    25    24    24    23    24    24    24    22    25    20    18    18    21    21    25    22    25    25    20    24    25    21    25    25    18    17    18    25    13    24    24    23    0    16    23    25    13    25    25    20    23    20    0    0    24    0    20    
#Delay 1.010000    25    25    25    22    25    21    23    25    24    25    25    25    20    22    25    25    25    18    21    21    24    24    25    25    25    25    21    25    25    24    25    25    22    18    23    25    18    25    24    25    0    21    25    25    18    24    25    23    25    23    0    0    25    0    23    
#Delay 1.510000    23    25    25    22    23    22    22    23    22    24    24    23    19    23    25    25    25    18    21    21    22    22    25    25    25    25    23    25    25    22    25    25    22    22    23    25    20    23    23    22    0    20    22    23    20    21    23    15    22    15    0    0    22    0    15    
#Delay 2.010000    25    23    23    24    24    24    25    24    24    23    24    25    23    24    24    23    25    23    22    22    22    23    25    23    25    25    24    25    25    23    25    25    23    19    23    25    18    25    23    24    0    22    24    21    18    14    25    22    24    23    0    0    25    0    23    
#Delay 2.510000    23    18    18    23    24    22    24    24    23    23    23    24    19    22    23    7    25    18    23    24    19    19    25    5    24    24    24    20    25    19    24    25    18    6    18    25    6    24    24    20    0    17    17    9    4    2    24    19    17    18    0    0    24    0    21    
#Delay 3.010000    21    17    14    23    20    19    23    20    22    17    17    22    10    20    17    0    25    15    11    15    16    16    25    0    17    19    18    4    24    16    17    23    16    0    20    23    0    19    8    4    0    16    4    0    0    0    18    9    2    5    0    0    24    0    17    
#Delay 3.510000    3    9    6    23    14    24    23    10    22    12    16    21    3    3    16    0    24    3    0    5    19    19    24    0    6    15    4    0    23    19    4    18    8    0    17    19    0    14    2    3    0    8    0    0    0    0    8    4    0    1    0    0    24    0    19    
#Delay 4.010000    5    6    0    22    1    21    23    1    20    7    12    7    1    1    10    0    25    1    0    2    20    21    23    0    3    12    2    0    22    21    3    8    2    0    10    8    0    2    0    0    0    2    0    0    0    0    0    0    0    0    0    0    22    0    19    
#Delay 4.510000    0    0    0    14    0    21    11    0    21    0    0    0    0    0    0    0    16    0    0    0    18    18    5    0    0    0    0    0    1    18    0    0    0    0    2    1    0    2    0    0    0    0    0    0    0    0    0    0    0    0    0    0    23    0    18    
#Delay 5.010000    0    0    0    2    0    4    0    0    2    0    0    0    0    0    0    0    2    0    0    0    11    14    0    0    0    0    0    0    0    17    0    0    0    0    0    0    0    0    0    0    0    0    0    0    0    0    0    0    0    0    0    0    4    0    17    
#Delay 5.510000    0    0    0    0    0    0    0    0    0    0    0    0    0    0    0    0    0    0    0    0    0    0    0    0    0    0    0    0    0    2    0    0    0    0    0    0    0    0    0    0    0    0    0    0    0    0    0    0    0    0    0    0    0    0    8    
#Delay 6.010000    0    0    0    0    0    0    0    0    0    0    0    0    0    0    0    0    0    0    0    0    0    0    0    0    0    0    0    0    0    0    0    0    0    0    0    0    0    0    0    0    0    0    0    0    0    0    0    0    0    0    0    0    0    0    0    
#PIXEL  #BOARD  #CHANNEL  #MACROCELL L1  #ALL MACROCELLS  #ATTENUATION
502        1        20        1        1,0,0        14.000000
292        2        20        3        3,0,0        14.000000
490        3        13        7        7,0,0        14.000000
301        4        13        9        6,9,0        14.000000
145        5        10        12        5,12,0        14.000000
139        6        3        15        10,15,0        14.000000
283        7        4        18        13,18,0        14.000000
405        7        19        31        26,31,0        14.000000
112        8        31        27        20,27,0        14.000000
439        8        1        23        17,23,0        14.000000
4        9        17        28        16,28,0        14.000000
96        10        14        30        21,30,0        14.000000
253        12        10        36        29,36,0        14.000000
84        13        17        42        33,42,0        14.000000
90        14        6        45        34,45,0        14.000000
219        15        2        47        38,47,0        14.000000
381        15        29        49        40,49,0        14.000000
210        16        25        53        44,53,0        14.000000
393        17        22        55        48,55,0        14.000000
#Delay 0.010000    22    0    25    0    12    13    23    0    18    25    0    12    25    0    25    19    19    25    0    25    23    0    19    0    0    21    25    19    18    23    21    0    25    20    0    18    0    21    0    13    0    25    0    18    20    0    21    24    11    0    0    0    15    0    24    
#Delay 0.510000    24    0    23    0    19    11    23    0    12    24    0    19    24    0    24    9    21    24    0    19    19    0    21    0    0    19    19    13    23    19    19    0    24    22    0    19    0    23    0    14    0    24    0    17    19    0    23    21    14    0    0    0    17    0    21    
#Delay 1.010000    25    0    25    0    16    17    25    0    17    25    0    17    25    0    25    16    22    25    0    23    24    0    22    0    0    25    25    17    23    24    25    0    25    24    0    22    0    22    0    20    0    25    0    23    23    0    22    22    19    0    0    0    20    0    22    
#Delay 1.510000    25    0    25    0    14    0    24    0    0    25    0    16    25    0    25    14    20    25    0    24    24    0    20    0    0    24    24    15    20    24    24    0    23    20    0    19    0    22    0    21    0    23    0    20    17    0    23    22    19    0    0    0    20    0    22    
#Delay 2.010000    24    0    25    0    5    0    25    0    0    25    0    8    25    0    25    21    24    25    0    24    24    0    24    0    0    24    24    21    24    24    24    0    25    24    0    21    0    25    0    21    0    25    0    22    23    0    25    23    21    0    0    0    20    0    23    
#Delay 2.510000    25    0    24    0    0    0    25    0    0    25    0    0    25    0    25    18    17    25    0    25    24    0    16    0    0    23    25    18    23    24    22    0    23    20    0    19    0    21    0    20    0    23    0    20    9    0    23    21    20    0    0    0    19    0    23    
#Delay 3.010000    24    0    24    0    0    0    7    0    0    25    0    0    19    0    25    6    8    23    0    17    24    0    8    0    0    17    22    12    21    24    9    0    24    22    0    20    0    22    0    15    0    24    0    20    16    0    22    13    13    0    0    0    16    0    16    
#Delay 3.510000    15    0    17    0    0    0    2    0    0    25    0    0    12    0    25    6    0    12    0    24    19    0    0    0    0    8    24    10    20    19    2    0    18    14    0    17    0    21    0    19    0    18    0    16    8    0    21    6    14    0    0    0    17    0    21    
#Delay 4.010000    2    0    0    0    0    0    0    0    0    25    0    0    2    0    25    0    0    4    0    23    21    0    0    0    0    0    23    0    17    21    0    0    8    9    0    8    0    21    0    10    0    10    0    5    2    0    21    0    6    0    0    0    19    0    17    
#Delay 4.510000    1    0    0    0    0    0    0    0    0    24    0    0    0    0    24    0    0    0    0    24    22    0    0    0    0    0    23    0    8    22    0    0    1    1    0    2    0    17    0    4    0    1    0    0    1    0    16    0    4    0    0    0    18    0    21    
#Delay 5.010000    0    0    0    0    0    0    0    0    0    20    0    0    0    0    20    0    0    0    0    20    25    0    0    0    0    0    15    0    2    25    0    0    0    0    0    0    0    11    0    0    0    0    0    2    0    0    2    0    0    0    0    0    14    0    19    
#Delay 5.510000    0    0    0    0    0    0    0    0    0    0    0    0    0    0    0    0    0    0    0    0    9    0    0    0    0    0    0    0    0    17    0    0    0    0    0    0    0    0    0    0    0    0    0    0    0    0    0    0    0    0    0    0    21    0    8    
#Delay 6.010000    0    0    0    0    0    0    0    0    0    2    0    0    0    0    2    0    0    0    0    2    2    0    0    0    0    0    0    0    0    6    0    0    0    0    0    0    0    0    0    0    0    0    0    0    0    0    0    0    0    0    0    0    13    0    4    
#PIXEL  #BOARD  #CHANNEL  #MACROCELL L1  #ALL MACROCELLS  #ATTENUATION
427        1        11        1        1,2,0        14.000000
291        2        19        3        3,4,0        14.000000
489        3        12        7        7,0,0        14.000000
244        4        6        9        8,9,0        14.000000
106        5        9        12        11,12,0        14.000000
138        6        9        15        14,15,0        14.000000
282        7        10        18        18,0,0        14.000000
370        7        29        23        19,23,0        14.000000
79        8        25        27        24,27,0        14.000000
3        9        18        28        22,28,0        14.000000
132        10        19        30        25,30,0        14.000000
477        11        13        31        31,0,0        14.000000
202        12        4        36        35,36,0        14.000000
85        13        12        42        37,42,0        14.000000
126        14        7        45        39,45,0        14.000000
273        15        8        47        41,47,0        14.000000
382        15        30        49        46,49,0        14.000000
264        16        26        53        50,53,0        14.000000
465        17        29        55        51,55,0        14.000000
#Delay 0.010000    24    24    23    23    0    0    25    21    19    0    23    22    0    21    21    0    0    21    25    0    0    23    25    25    25    0    25    23    0    25    23    0    0    0    25    25    24    0    25    0    25    24    0    0    25    16    25    0    16    20    25    0    18    0    25    
#Delay 0.510000    23    23    23    23    0    0    25    16    16    0    23    22    0    22    21    0    0    23    22    0    0    23    24    25    24    0    25    23    0    24    24    0    0    0    24    23    25    0    22    0    25    25    0    0    22    11    25    0    11    18    23    0    15    0    23    
#Delay 1.010000    23    24    25    25    0    0    25    17    16    0    25    25    0    22    22    0    0    24    24    0    0    22    24    25    25    0    25    22    0    25    24    0    0    0    25    25    25    0    25    0    25    25    0    0    25    22    25    0    22    22    23    0    22    0    24    
#Delay 1.510000    23    24    24    24    0    0    24    16    16    0    24    23    0    19    19    0    0    22    22    0    0    25    24    25    25    0    25    25    0    25    23    0    0    0    24    24    25    0    25    0    25    25    0    0    25    14    25    0    12    9    23    0    13    0    24    
#Delay 2.010000    24    25    23    22    0    0    25    24    24    0    24    23    0    24    24    0    0    22    24    0    0    25    24    25    25    0    25    25    0    25    24    0    0    0    25    25    25    0    25    0    25    25    0    0    25    16    25    0    16    6    25    0    18    0    25    
#Delay 2.510000    22    22    24    24    0    0    25    19    19    0    24    22    0    20    19    0    0    22    22    0    0    21    22    25    25    0    25    21    0    25    21    0    0    0    25    25    25    0    25    0    25    25    0    0    25    15    25    0    13    0    23    0    14    0    24    
#Delay 3.010000    20    20    22    22    0    0    23    15    14    0    21    19    0    17    17    0    0    15    21    0    0    11    21    25    25    0    25    11    0    25    3    0    0    0    23    23    23    0    25    0    25    22    0    0    25    14    25    0    14    0    17    0    16    0    20    
#Delay 3.510000    19    23    17    16    0    0    24    17    12    0    20    17    0    20    18    0    0    22    20    0    0    0    25    25    23    0    25    0    0    23    1    0    0    0    22    10    16    0    24    0    25    12    0    0    24    12    25    0    6    0    0    0    11    0    21    
#Delay 4.010000    17    23    9    13    0    0    11    8    8    0    23    20    0    14    13    0    0    8    8    0    0    0    17    22    24    0    24    0    0    23    0    0    0    0    13    1    4    0    24    0    24    3    0    0    24    3    24    0    2    0    1    0    6    0    21    
#Delay 4.510000    9    21    0    0    0    0    4    4    2    0    11    6    0    10    4    0    0    4    2    0    0    0    8    14    19    0    15    0    0    17    0    0    0    0    2    0    2    0    22    0    24    0    0    0    23    2    25    0    2    0    0    0    0    0    23    
#Delay 5.010000    2    6    0    0    0    0    0    0    0    0    0    0    0    2    0    0    0    0    0    0    0    0    0    0    0    0    2    0    0    0    0    0    0    0    0    0    0    0    0    0    12    0    0    0    2    0    18    0    0    0    0    0    0    0    22    
#Delay 5.510000    0    0    0    0    0    0    0    0    0    0    0    0    0    0    0    0    0    0    0    0    0    0    0    0    0    0    0    0    0    0    0    0    0    0    0    0    0    0    0    0    0    0    0    0    0    0    3    0    0    0    0    0    0    0    22    
#Delay 6.010000    0    0    0    0    0    0    0    0    0    0    0    0    0    0    0    0    0    0    0    0    0    0    0    0    0    0    0    0    0    0    0    0    0    0    0    0    0    0    0    0    0    0    0    0    0    0    0    0    0    0    0    0    0    0    10    
#PIXEL  #BOARD  #CHANNEL  #MACROCELL L1  #ALL MACROCELLS  #ATTENUATION
358        1        4        1        1,2,5        14.000000
290        2        18        3        3,4,10        14.000000
193        3        32        9        8,9,20        14.000000
488        3        11        7        7,13,0        14.000000
73        5        8        12        11,12,16        14.000000
137        6        14        15        14,15,21        14.000000
307        7        26        23        19,23,29        14.000000
342        7        15        18        18,26,0        14.000000
52        8        20        27        24,27,33        14.000000
9        9        19        28        22,28,34        14.000000
174        10        25        30        25,30,38        14.000000
203        11        31        36        35,36,40        14.000000
555        11        18        31        31,0,0        14.000000
86        13        7        42        37,42,44        14.000000
168        14        8        45        39,45,48        14.000000
333        15        15        47        41,47,0        14.000000
383        15        31        49        46,49,52        14.000000
324        16        27        53        50,53,54        14.000000
543        18        6        55        51,55,0        14.000000
#Delay 0.010000    0    0    23    23    0    0    25    22    22    23    25    25    25    22    22    25    0    25    23    22    20    23    23    24    18    25    25    23    23    18    23    0    25    23    25    25    24    18    25    25    24    25    0    25    25    23    24    25    23    14    0    23    12    14    0    
#Delay 0.510000    0    2    24    22    0    0    22    22    22    23    25    25    22    24    24    25    0    25    25    22    21    24    25    23    16    25    23    24    25    16    25    0    23    24    24    23    23    15    24    23    24    24    0    24    24    25    24    24    24    18    0    25    14    14    0    
#Delay 1.010000    3    3    25    25    3    0    25    23    21    25    24    24    24    25    25    24    0    25    24    23    25    25    24    23    24    25    24    25    24    23    25    0    23    24    23    23    24    20    25    22    24    24    0    25    25    25    24    25    25    19    0    25    19    19    0    
#Delay 1.510000    0    0    17    17    0    0    24    11    10    17    22    21    24    24    24    22    0    23    20    13    23    21    20    25    20    23    25    21    20    17    24    0    25    21    24    24    23    16    22    24    22    23    0    23    22    25    22    22    25    18    0    25    17    18    0    
#Delay 2.010000    3    3    25    25    3    0    25    2    2    25    25    25    25    22    22    25    0    24    25    5    22    23    25    25    23    24    25    23    25    23    25    0    25    23    25    25    25    22    22    25    24    25    0    25    22    25    24    22    25    22    0    25    20    22    0    
#Delay 2.510000    0    0    21    20    0    0    22    0    0    22    23    22    24    23    23    22    0    25    23    0    23    25    23    25    21    25    25    25    23    21    24    0    25    25    23    22    24    20    14    22    21    24    0    24    16    24    22    22    24    13    0    24    20    12    0    
#Delay 3.010000    0    0    23    22    0    0    18    0    0    23    25    25    21    23    24    25    0    24    24    0    21    23    24    12    19    25    17    24    24    17    24    0    11    23    20    19    24    12    1    18    5    24    0    24    3    24    12    3    24    0    0    24    13    2    0    
#Delay 3.510000    0    0    14    12    0    0    11    0    0    13    25    25    18    22    21    25    0    24    21    0    12    21    21    6    17    24    11    22    21    17    20    0    4    21    23    17    24    17    0    13    0    23    0    24    2    22    2    2    23    0    0    23    19    0    0    
#Delay 4.010000    0    0    6    6    0    0    1    0    0    6    23    22    7    16    14    22    0    24    18    0    6    11    20    0    21    24    0    16    20    21    11    0    0    11    12    5    18    19    0    2    0    14    0    18    0    11    0    0    12    0    0    25    10    0    0    
#Delay 4.510000    0    0    0    0    0    0    0    0    0    0    23    20    0    8    0    20    0    24    7    0    0    5    9    0    17    25    0    5    9    17    0    0    0    5    0    0    9    17    0    0    0    2    0    9    0    2    0    0    2    0    0    23    15    0    0    
#Delay 5.010000    0    0    0    0    0    0    0    0    0    0    16    11    0    1    0    5    0    18    0    0    0    1    2    0    14    21    0    1    2    14    0    0    0    1    0    0    2    14    0    0    0    0    0    2    0    0    0    0    0    0    0    21    3    0    0    
#Delay 5.510000    0    0    0    0    0    0    0    0    0    0    3    3    0    0    0    3    0    11    0    0    0    1    2    0    2    11    0    1    2    6    0    0    0    1    0    0    1    6    0    0    0    0    0    1    0    0    0    0    0    0    0    22    4    0    0    
#Delay 6.010000    0    0    0    0    0    0    0    0    0    0    0    0    0    0    0    0    0    0    0    0    0    0    0    0    0    2    0    0    0    0    0    0    0    0    0    0    0    0    0    0    0    0    0    0    0    0    0    0    0    0    0    22    2    0    0    
#PIXEL  #BOARD  #CHANNEL  #MACROCELL L1  #ALL MACROCELLS  #ATTENUATION
356        1        14        3        2,3,0        14.000000
584        1        27        1        1,0,0        14.000000
418        2        28        7        4,7,0        14.000000
365        4        20        9        9,0,0        14.000000
103        5        25        15        11,15,0        14.000000
191        5        6        12        8,12,0        14.000000
229        6        24        18        14,18,0        14.000000
596        8        9        23        23,0,0        14.000000
14        9        22        28        24,28,0        14.000000
197        9        6        27        19,27,0        14.000000
41        10        9        30        22,30,0        14.000000
278        11        3        31        25,31,0        14.000000
374        12        22        36        32,36,0        14.000000
117        13        29        42        35,42,0        14.000000
59        14        10        45        37,45,0        14.000000
128        14        28        47        39,47,0        14.000000
450        15        32        49        43,49,0        14.000000
261        16        29        53        46,53,0        14.000000
326        17        17        55        50,55,0        14.000000
#Delay 0.010000    20    22    22    21    0    0    22    0    20    0    13    0    0    0    13    0    0    0    20    0    0    24    17    23    22    0    21    23    0    24    23    18    0    0    24    18    23    0    23    0    0    24    23    0    22    22    24    0    23    18    0    0    22    0    16    
#Delay 0.510000    18    15    16    25    0    0    25    0    25    0    14    0    0    0    14    0    0    0    21    0    0    25    22    18    25    0    21    19    0    25    25    25    0    0    20    25    19    0    23    0    0    18    23    0    19    23    25    0    22    17    0    0    23    0    17    
#Delay 1.010000    21    21    21    23    0    0    23    0    24    0    17    0    0    0    19    0    0    0    23    0    0    23    23    18    24    0    23    23    0    23    24    24    0    0    21    24    19    0    23    0    0    21    23    0    19    24    23    0    23    17    0    0    24    0    17    
#Delay 1.510000    20    19    12    24    0    0    24    0    25    0    17    0    0    0    17    0    0    0    20    0    0    24    15    19    24    0    21    19    0    24    24    24    0    0    24    24    22    0    23    0    0    24    25    0    22    25    25    0    25    14    0    0    25    0    13    
#Delay 2.010000    23    5    2    21    0    0    22    0    23    0    17    0    0    0    18    0    0    0    23    0    0    23    18    20    23    0    23    20    0    23    23    21    0    0    22    21    23    0    22    0    0    22    23    0    23    22    22    0    23    19    0    0    22    0    18    
#Delay 2.510000    19    1    0    23    0    0    24    0    17    0    11    0    0    0    15    0    0    0    20    0    0    20    21    20    25    0    24    24    0    19    25    8    0    0    24    6    17    0    25    0    0    18    25    0    17    25    25    0    25    15    0    0    25    0    15    
#Delay 3.010000    12    0    0    18    0    0    17    0    0    0    16    0    0    0    18    0    0    0    11    0    0    22    18    18    24    0    21    19    0    22    24    0    0    0    18    0    8    0    17    0    0    13    25    0    6    22    20    0    25    6    0    0    22    0    8    
#Delay 3.510000    0    0    0    2    0    0    2    0    0    0    21    0    0    0    21    0    0    0    0    0    0    23    22    18    20    0    4    22    0    23    21    0    0    0    4    0    2    0    2    0    0    0    12    0    0    22    14    0    12    0    0    0    24    0    15    
#Delay 4.010000    0    0    0    0    0    0    0    0    0    0    14    0    0    0    16    0    0    0    0    0    0    19    20    8    25    0    0    12    0    19    25    0    0    0    2    0    0    0    0    0    0    0    4    0    0    10    6    0    6    0    0    0    22    0    7    
#Delay 4.510000    0    0    0    0    0    0    0    0    0    0    10    0    0    0    8    0    0    0    0    0    0    19    16    4    18    0    0    9    0    19    20    0    0    0    0    0    0    0    0    0    0    0    4    0    0    2    0    0    4    0    0    0    22    0    11    
#Delay 5.010000    0    0    0    0    0    0    0    0    0    0    0    0    0    0    0    0    0    0    0    0    0    18    8    0    9    0    0    1    0    21    11    0    0    0    0    0    0    0    0    0    0    0    0    0    0    0    0    0    0    0    0    0    24    0    7    
#Delay 5.510000    0    0    0    0    0    0    0    0    0    0    0    0    0    0    0    0    0    0    0    0    0    2    0    0    0    0    0    0    0    5    0    0    0    0    0    0    0    0    0    0    0    0    0    0    0    0    0    0    0    0    0    0    23    0    8    
#Delay 6.010000    0    0    0    0    0    0    0    0    0    0    0    0    0    0    0    0    0    0    0    0    0    0    0    0    0    0    0    0    0    3    0    0    0    0    0    0    0    0    0    0    0    0    0    0    0    0    0    0    0    0    0    0    22    0    0    
#PIXEL  #BOARD  #CHANNEL  #MACROCELL L1  #ALL MACROCELLS  #ATTENUATION
503        1        21        1        1,0,0        14.000000
293        2        16        3        2,3,0        14.000000
417        2        27        7        4,7,0        14.000000
302        4        14        9        9,0,0        14.000000
102        5        29        15        11,15,0        14.000000
146        5        5        12        8,12,0        14.000000
228        6        29        18        14,18,0        14.000000
152        8        32        27        19,27,0        14.000000
515        8        4        23        23,0,0        14.000000
5        9        23        28        24,28,0        14.000000
65        10        13        30        22,30,0        14.000000
338        11        6        31        25,31,0        14.000000
311        12        17        36        32,36,0        14.000000
118        13        24        42        35,42,0        14.000000
89        14        11        45        37,45,0        14.000000
170        15        1        47        39,47,0        14.000000
262        16        30        53        46,53,0        14.000000
451        16        1        49        43,49,0        14.000000
392        17        21        55        50,55,0        14.000000
#Delay 0.010000    18    24    24    23    0    0    23    21    16    0    24    21    0    24    24    0    0    24    24    0    0    14    24    24    21    0    24    24    0    14    21    19    0    0    24    19    23    0    15    0    0    24    22    0    23    0    16    0    21    18    0    0    0    0    20    
#Delay 0.510000    23    25    25    22    0    0    23    22    18    0    24    21    0    25    24    0    0    25    25    0    0    18    24    23    23    0    25    24    0    18    23    17    0    0    25    17    22    0    19    0    0    25    23    0    22    0    22    0    22    22    0    0    0    0    22    
#Delay 1.010000    24    25    25    23    0    0    24    23    25    0    25    23    0    25    25    0    0    25    25    0    0    22    23    24    24    0    25    25    0    23    24    25    0    0    25    25    25    0    19    0    0    25    24    0    25    0    20    0    22    22    0    0    0    0    23    
#Delay 1.510000    23    25    25    22    0    0    23    23    18    0    24    23    0    23    25    0    0    23    25    0    0    23    23    22    23    0    25    22    0    23    23    20    0    0    24    20    23    0    19    0    0    24    18    0    24    0    21    0    18    17    0    0    0    0    19    
#Delay 2.010000    21    25    25    25    0    0    25    25    22    0    24    25    0    25    24    0    0    25    25    0    0    21    25    25    25    0    25    25    0    21    25    17    0    0    24    20    24    0    20    0    0    24    23    0    24    0    21    0    22    22    0    0    0    0    23    
#Delay 2.510000    22    24    24    23    0    0    23    21    14    0    21    21    0    24    22    0    0    24    24    0    0    20    23    24    23    0    24    24    0    20    23    20    0    0    23    20    21    0    20    0    0    23    19    0    21    0    21    0    16    19    0    0    0    0    22    
#Delay 3.010000    18    24    20    10    0    0    13    23    18    0    22    23    0    25    22    0    0    25    25    0    0    21    23    22    23    0    25    25    0    21    23    14    0    0    21    14    22    0    10    0    0    20    16    0    22    0    15    0    12    2    0    0    0    0    19    
#Delay 3.510000    13    6    1    1    0    0    3    24    1    0    21    24    0    23    21    0    0    21    12    0    0    16    16    3    12    0    24    10    0    16    7    2    0    0    23    2    23    0    19    0    0    23    18    0    22    0    22    0    12    1    0    0    0    0    22    
#Delay 4.010000    3    1    1    0    0    0    0    20    1    0    20    21    0    25    20    0    0    25    1    0    0    13    5    0    3    0    7    3    0    13    0    0    0    0    25    0    21    0    18    0    0    25    13    0    20    0    21    0    11    0    0    0    0    0    24    
#Delay 4.510000    2    0    0    0    0    0    0    16    0    0    19    17    0    22    21    0    0    17    0    0    0    12    0    0    0    0    3    0    0    15    0    0    0    0    19    0    18    0    17    0    0    15    11    0    18    0    19    0    5    0    0    0    0    0    21    
#Delay 5.010000    0    0    0    0    0    0    0    7    0    0    12    9    0    17    8    0    0    15    0    0    0    2    0    0    0    0    0    0    0    4    0    0    0    0    10    0    13    0    18    0    0    3    0    0    13    0    21    0    0    0    0    0    0    0    15    
#Delay 5.510000    0    0    0    1    0    0    1    0    0    0    1    0    0    3    1    0    0    1    0    0    0    1    0    0    0    0    0    0    0    1    1    0    0    0    0    0    0    0    12    0    0    0    0    0    0    0    15    0    0    0    0    0    0    0    4    
#Delay 6.010000    0    0    0    0    0    0    0    0    0    0    0    0    0    0    0    0    0    0    0    0    0    0    0    0    0    0    0    0    0    0    0    0    0    0    0    0    0    0    5    0    0    0    0    0    0    0    9    0    0    0    0    0    0    0    0    
