#PIXEL  #BOARD  #CHANNEL  #MACROCELL L2  #ALL MACROCELLS  #ATTENUATION
423        2        25        2        2,0,0        12.000000
150        3        25        19        19,20,0        12.000000
571        3        20        4        4,0,0        12.000000
184        5        31        11        10,11,0        12.000000
240        5        16        8        5,8,0        12.000000
67        6        12        22        21,22,0        12.000000
346        6        31        14        13,14,0        12.000000
340        7        13        25        25,26,0        12.000000
27        9        10        24        16,24,0        12.000000
37        10        2        37        34,37,0        12.000000
553        11        16        41        41,0,0        12.000000
309        12        15        32        29,32,0        12.000000
315        12        1        43        40,43,0        12.000000
54        13        22        35        33,35,0        12.000000
162        13        10        46        44,46,0        12.000000
172        14        26        39        38,39,0        12.000000
268        14        20        50        48,50,0        12.000000
469        15        23        51        51,0,0        12.000000
#Delay 0.010000    0    25    0    25    25    0    0    25    0    25    25    0    25    25    0    0    0    0    25    25    25    25    0    0    25    25    0    0    25    0    0    25    25    25    25    0    25    25    25    23    25    0    24    25    0    25    0    25    0    25    25    0    0    0    0    
#Delay 0.510000    0    25    0    14    25    0    0    25    0    23    24    0    25    25    0    0    0    0    24    24    24    24    0    0    23    25    0    0    25    0    0    25    25    24    25    0    24    25    24    9    25    0    10    25    0    25    0    25    0    25    23    0    0    0    0    
#Delay 1.010000    0    25    0    4    25    0    0    25    0    25    25    0    25    25    0    0    0    0    22    24    25    25    0    0    20    21    0    0    25    0    0    25    25    24    25    0    23    24    12    3    25    0    3    24    0    20    0    25    0    24    19    0    0    0    0    
#Delay 1.510000    0    24    0    0    25    0    0    25    0    23    23    0    23    25    0    0    0    0    12    24    14    25    0    0    3    7    0    0    25    0    0    25    25    20    25    0    17    6    1    0    25    0    0    18    0    12    0    25    0    22    2    0    0    0    0    
#Delay 2.010000    0    25    0    0    25    0    0    25    0    9    22    0    15    23    0    0    0    0    2    7    1    9    0    0    0    0    0    0    25    0    0    21    25    5    25    0    3    0    0    0    25    0    0    3    0    1    0    11    0    6    0    0    0    0    0    
#Delay 2.510000    0    21    0    0    24    0    0    24    0    1    6    0    1    8    0    0    0    0    0    0    0    2    0    0    0    0    0    0    10    0    0    4    23    0    25    0    0    0    0    0    11    0    0    1    0    0    0    2    0    0    0    0    0    0    0    
#Delay 3.010000    0    7    0    0    12    0    0    16    0    0    1    0    0    0    0    0    0    0    0    0    0    0    0    0    0    0    0    0    2    0    0    0    8    0    16    0    0    0    0    0    1    0    0    0    0    0    0    0    0    0    0    0    0    0    0    
#Delay 3.510000    0    0    0    0    0    0    0    1    0    0    0    0    0    0    0    0    0    0    0    0    0    0    0    0    0    0    0    0    0    0    0    0    0    0    5    0    0    0    0    0    0    0    0    0    0    0    0    0    0    0    0    0    0    0    0    
#Delay 4.010000    0    0    0    0    0    0    0    0    0    0    0    0    0    0    0    0    0    0    0    0    0    0    0    0    0    0    0    0    0    0    0    0    0    0    0    0    0    0    0    0    0    0    0    0    0    0    0    0    0    0    0    0    0    0    0    
#Delay 4.510000    0    0    0    0    0    0    0    0    0    0    0    0    0    0    0    0    0    0    0    0    0    0    0    0    0    0    0    0    0    0    0    0    0    0    1    0    0    0    0    0    0    0    0    0    0    0    0    0    0    0    0    0    0    0    0    
#Delay 5.010000    0    0    0    0    0    0    0    0    0    0    0    0    0    0    0    0    0    0    0    0    0    0    0    0    0    0    0    0    0    0    0    0    0    0    0    0    0    0    0    0    0    0    0    0    0    0    0    0    0    0    0    0    0    0    0    
#Delay 5.510000    0    0    0    0    0    0    0    0    0    0    0    0    0    0    0    0    0    0    0    0    0    0    0    0    0    0    0    0    0    0    0    0    0    0    0    0    0    0    0    0    0    0    0    0    0    0    0    0    0    0    0    0    0    0    0    
#Delay 6.010000    0    0    0    0    0    0    0    0    0    0    0    0    0    0    0    0    0    0    0    0    0    0    0    0    0    0    0    0    0    0    0    0    0    0    0    0    0    0    0    0    0    0    0    0    0    0    0    0    0    0    1    0    0    0    0    
#PIXEL  #BOARD  #CHANNEL  #MACROCELL L2  #ALL MACROCELLS  #ATTENUATION
424        1        16        2        2,0,0        12.000000
196        3        26        19        19,20,0        12.000000
492        3        15        4        4,0,0        12.000000
141        5        26        11        10,11,0        12.000000
241        5        12        8        5,8,0        12.000000
42        6        6        22        21,22,0        12.000000
285        6        25        14        13,14,0        12.000000
279        7        7        25        25,26,0        12.000000
28        9        15        24        16,24,0        12.000000
36        10        7        37        34,37,0        12.000000
474        11        10        41        41,0,0        12.000000
373        12        21        32        29,32,0        12.000000
379        12        7        43        40,43,0        12.000000
82        13        28        35        33,35,0        12.000000
208        13        15        46        44,46,0        12.000000
129        14        25        39        38,39,0        12.000000
267        14        24        50        48,50,0        12.000000
468        15        22        51        51,0,0        12.000000
#Delay 0.010000    0    25    0    25    25    0    0    25    0    25    25    0    25    25    0    25    0    0    25    25    25    25    0    25    25    25    0    0    0    0    0    0    25    25    25    0    25    25    25    25    7    0    25    25    0    25    0    25    0    25    24    0    0    0    0    
#Delay 0.510000    0    25    0    25    25    0    0    25    0    25    25    0    25    25    0    25    0    0    24    25    25    25    0    25    25    25    0    0    0    0    0    0    25    25    25    0    25    25    25    23    2    0    23    25    0    25    0    25    0    25    21    0    0    0    0    
#Delay 1.010000    0    25    0    25    25    0    0    23    0    25    25    0    25    25    0    25    0    0    12    18    25    25    0    25    25    25    0    0    0    0    0    0    25    25    25    0    25    25    24    6    0    0    5    25    0    25    0    25    0    25    3    0    0    0    0    
#Delay 1.510000    0    25    0    23    13    0    0    12    0    25    25    0    18    23    0    25    0    0    0    2    25    25    0    25    25    25    0    0    0    0    0    0    24    25    25    0    25    25    25    0    0    0    0    25    0    25    0    25    0    25    0    0    0    0    0    
#Delay 2.010000    0    18    0    9    4    0    0    4    0    24    24    0    3    8    0    25    0    0    0    0    25    25    0    25    25    25    0    0    0    0    0    0    16    25    23    0    25    25    17    0    0    0    0    25    0    25    0    25    0    25    0    0    0    0    0    
#Delay 2.510000    0    5    0    1    0    0    0    0    0    8    12    0    0    0    0    21    0    0    0    0    24    24    0    21    19    22    0    0    0    0    0    0    2    25    10    0    25    13    3    0    0    0    0    25    0    25    0    21    0    18    0    0    0    0    0    
#Delay 3.010000    0    0    0    0    0    0    0    0    0    1    3    0    0    0    0    9    0    0    0    0    25    25    0    9    0    8    0    0    0    0    0    0    0    23    0    0    23    1    0    0    0    0    0    25    0    25    0    7    0    1    0    0    0    0    0    
#Delay 3.510000    0    0    0    0    0    0    0    0    0    0    0    0    0    0    0    1    0    0    0    0    16    23    0    1    0    1    0    0    0    0    0    0    0    10    0    0    10    0    0    0    0    0    0    25    0    25    0    1    0    0    0    0    0    0    0    
#Delay 4.010000    0    0    0    0    0    0    0    0    0    0    0    0    0    0    0    0    0    0    0    0    4    15    0    0    0    0    0    0    0    0    0    0    0    0    0    0    0    0    0    0    0    0    0    22    0    17    0    0    0    0    0    0    0    0    0    
#Delay 4.510000    0    0    0    0    0    0    0    0    0    0    0    0    0    0    0    0    0    0    0    0    0    3    0    0    0    0    0    0    0    0    0    0    0    0    1    0    0    0    0    0    0    0    0    13    0    3    0    0    0    0    0    0    0    0    0    
#Delay 5.010000    0    0    0    0    0    0    0    0    0    0    0    0    0    0    0    0    0    0    0    0    0    0    0    0    0    0    0    0    0    0    0    0    0    0    0    0    0    0    0    0    0    0    0    2    0    0    0    0    0    0    0    0    0    0    0    
#Delay 5.510000    0    0    0    0    0    0    0    0    0    0    0    0    0    0    0    0    0    0    0    0    0    0    0    0    0    0    0    0    0    0    0    0    0    0    0    0    0    0    0    0    0    0    0    0    0    0    0    0    0    0    0    0    0    0    0    
#Delay 6.010000    0    0    0    0    0    0    0    0    0    0    0    0    0    0    0    0    0    0    0    0    0    0    0    0    0    0    0    0    0    0    0    0    0    0    0    0    0    0    0    0    0    0    0    0    0    0    0    0    0    0    0    0    0    0    0    
#PIXEL  #BOARD  #CHANNEL  #MACROCELL L2  #ALL MACROCELLS  #ATTENUATION
581        1        24        2        2,0,0        12.000000
188        2        2        11        5,11,0        12.000000
421        2        31        4        4,0,0        12.000000
362        4        17        8        6,8,0        12.000000
368        4        4        19        17,19,0        12.000000
25        5        21        22        16,22,0        12.000000
134        6        21        25        21,25,0        12.000000
232        6        11        14        10,14,0        12.000000
599        8        12        32        32,0,0        12.000000
77        9        3        24        20,24,0        12.000000
38        10        21        39        34,39,0        12.000000
200        12        2        35        29,35,0        12.000000
447        12        25        43        43,0,0        12.000000
33        13        8        37        33,37,0        12.000000
258        13        32        46        40,46,0        12.000000
275        14        31        41        38,41,0        12.000000
329        15        11        51        48,51,0        12.000000
164        16        17        50        44,50,0        12.000000
#Delay 0.010000    0    25    0    25    25    25    0    25    0    25    25    0    0    25    0    25    25    0    25    24    25    25    0    24    25    0    0    0    25    0    0    25    25    25    25    0    25    25    25    17    25    0    25    25    0    15    0    25    0    25    25    0    0    0    0    
#Delay 0.510000    0    25    0    25    24    24    0    25    0    25    24    0    0    25    0    25    25    0    25    25    11    25    0    25    21    0    0    0    25    0    0    25    25    24    25    0    25    25    23    3    25    0    25    25    0    1    0    24    0    25    24    0    0    0    0    
#Delay 1.010000    0    25    0    25    25    21    0    22    0    19    25    0    0    25    0    22    25    0    25    25    1    25    0    25    4    0    0    0    19    0    0    25    25    15    18    0    25    25    11    1    25    0    25    25    0    0    0    25    0    25    25    0    0    0    0    
#Delay 1.510000    0    24    0    25    20    9    0    12    0    5    21    0    0    18    0    6    25    0    23    25    0    18    0    25    0    0    0    0    5    0    0    25    25    1    4    0    25    25    1    0    25    0    23    25    0    0    0    25    0    25    25    0    0    0    0    
#Delay 2.010000    0    20    0    21    5    0    0    2    0    2    12    0    0    2    0    0    24    0    6    25    0    1    0    24    0    0    0    0    0    0    0    25    25    1    0    0    25    22    0    0    15    0    6    23    0    0    0    25    0    18    25    0    0    0    0    
#Delay 2.510000    0    7    0    15    0    0    0    0    0    0    1    0    0    0    0    0    6    0    0    20    0    0    0    14    0    0    0    0    0    0    0    20    24    0    0    0    25    5    0    0    2    0    0    10    0    0    0    25    0    4    22    0    0    0    0    
#Delay 3.010000    0    0    0    1    0    0    0    0    0    0    0    0    0    0    0    0    0    0    0    6    0    0    0    1    0    0    0    0    0    0    0    2    22    0    0    0    23    0    0    0    0    0    0    0    0    0    0    20    0    0    10    0    0    0    0    
#Delay 3.510000    0    0    0    0    0    0    0    0    0    0    0    0    0    0    0    0    0    0    0    0    0    0    0    0    0    0    0    0    0    0    0    0    8    0    0    0    14    0    0    0    0    0    0    0    0    0    0    6    0    0    0    0    0    0    0    
#Delay 4.010000    0    0    0    0    0    0    0    0    0    0    0    0    0    0    0    0    0    0    0    0    0    0    0    0    0    0    0    0    0    0    0    0    0    0    0    0    0    0    0    0    0    0    0    0    0    0    0    0    0    0    0    0    0    0    0    
#Delay 4.510000    0    0    0    0    0    0    0    0    0    0    0    0    0    0    0    0    0    0    0    0    0    0    0    0    0    0    0    0    0    0    0    0    0    0    0    0    0    0    0    0    0    0    0    0    0    0    0    0    0    0    0    0    0    0    0    
#Delay 5.010000    0    0    0    0    0    0    0    0    0    0    0    0    0    0    0    0    0    0    0    0    0    0    0    0    0    0    0    0    0    0    0    0    0    0    0    0    0    0    0    0    0    0    0    0    0    0    0    0    0    0    0    0    0    0    0    
#Delay 5.510000    0    0    0    0    0    0    0    0    0    0    0    0    0    0    0    0    0    0    0    0    0    0    0    0    0    0    0    0    0    0    0    0    0    0    0    0    0    0    0    0    0    0    0    0    0    0    0    0    0    0    0    0    0    0    0    
#Delay 6.010000    0    0    0    0    0    0    0    0    0    0    0    0    0    0    0    0    0    0    0    0    0    0    0    0    0    0    0    0    0    0    0    0    0    0    0    0    0    0    0    0    0    0    0    0    0    0    0    0    0    0    0    0    0    0    0    
#PIXEL  #BOARD  #CHANNEL  #MACROCELL L2  #ALL MACROCELLS  #ATTENUATION
500        1        18        2        2,0,0        12.000000
143        2        1        11        5,11,0        12.000000
420        2        30        4        4,0,0        12.000000
305        3        31        19        17,19,0        12.000000
299        4        11        8        6,8,0        12.000000
24        5        24        22        16,22,0        12.000000
176        6        26        25        21,25,0        12.000000
231        6        16        14        10,14,0        12.000000
50        8        29        24        20,24,0        12.000000
518        8        7        32        32,0,0        12.000000
62        10        27        39        34,39,0        12.000000
155        11        29        35        29,35,0        12.000000
448        12        20        43        43,0,0        12.000000
34        13        5        37        33,37,0        12.000000
259        13        27        46        40,46,0        12.000000
335        15        4        41        38,41,0        12.000000
395        15        17        51        48,51,0        12.000000
212        16        18        50        44,50,0        12.000000
#Delay 0.010000    0    24    0    15    0    25    0    25    0    25    0    0    0    25    0    25    25    0    25    23    25    25    0    23    25    0    0    0    0    0    0    25    25    25    0    0    25    25    25    0    25    0    25    25    0    0    0    25    0    25    25    0    0    0    0    
#Delay 0.510000    0    24    0    2    0    23    0    24    0    25    0    0    0    25    0    25    25    0    25    13    25    25    0    11    25    0    0    0    0    0    0    25    25    25    0    0    25    25    25    0    25    0    24    25    0    0    0    25    0    25    25    0    0    0    0    
#Delay 1.010000    0    25    0    0    0    18    0    23    0    25    0    0    0    25    0    25    25    0    25    5    24    25    0    0    25    0    0    0    0    0    0    25    25    25    0    0    25    25    25    0    25    0    25    25    0    0    0    25    0    24    25    0    0    0    0    
#Delay 1.510000    0    18    0    0    0    1    0    4    0    25    0    0    0    25    0    25    25    0    25    0    10    25    0    0    22    0    0    0    0    0    0    25    25    25    0    0    25    25    25    0    25    0    25    22    0    0    0    25    0    18    25    0    0    0    0    
#Delay 2.010000    0    5    0    0    0    0    0    0    0    19    0    0    0    24    0    15    25    0    23    0    1    23    0    0    9    0    0    0    0    0    0    25    23    25    0    0    23    25    25    0    24    0    25    8    0    0    0    25    0    6    25    0    0    0    0    
#Delay 2.510000    0    1    0    0    0    0    0    0    0    4    0    0    0    19    0    2    17    0    4    0    1    11    0    0    1    0    0    0    0    0    0    20    10    25    0    0    10    16    25    0    9    0    18    1    0    0    0    25    0    1    21    0    0    0    0    
#Delay 3.010000    0    0    0    0    0    0    0    0    0    0    0    0    0    1    0    0    2    0    0    0    0    0    0    0    0    0    0    0    0    0    0    2    0    17    0    0    0    1    12    0    0    0    2    0    0    0    0    20    0    0    6    0    0    0    0    
#Delay 3.510000    0    0    0    0    0    0    0    0    0    0    0    0    0    0    0    0    0    0    0    0    0    0    0    0    0    0    0    0    0    0    0    0    0    4    0    0    0    0    0    0    0    0    0    0    0    0    0    10    0    0    0    0    0    0    0    
#Delay 4.010000    0    0    0    0    0    0    0    0    0    0    0    0    0    0    0    0    0    0    0    0    0    0    0    0    0    0    0    0    0    0    0    0    0    0    0    0    0    0    0    0    0    0    0    0    0    0    0    0    0    0    0    0    0    0    0    
#Delay 4.510000    0    0    0    0    0    0    0    0    0    0    0    0    0    0    0    0    0    0    0    0    0    0    0    0    0    0    0    0    0    0    0    0    0    0    0    0    0    0    0    0    0    0    0    0    0    0    0    0    0    0    0    0    0    0    0    
#Delay 5.010000    0    0    0    0    0    0    0    0    0    0    0    0    0    0    0    0    0    0    0    0    0    0    0    0    0    0    0    0    0    0    0    0    0    0    0    0    0    0    0    0    0    0    0    0    0    0    0    0    0    0    0    0    0    0    0    
#Delay 5.510000    0    0    0    0    0    0    0    0    0    0    0    0    0    0    0    0    0    0    0    0    0    0    0    0    0    0    0    0    0    0    0    0    0    0    0    0    0    0    0    0    0    0    0    0    0    0    0    0    0    0    0    0    0    0    0    
#Delay 6.010000    0    0    0    0    0    0    0    0    0    0    0    0    0    0    0    0    0    0    0    0    0    0    0    0    0    0    0    0    0    0    0    0    0    0    0    0    0    0    0    0    0    0    0    0    0    0    0    0    0    0    0    0    0    0    0    
#PIXEL  #BOARD  #CHANNEL  #MACROCELL L2  #ALL MACROCELLS  #ATTENUATION
425        1        9        2        2,0,0        12.000000
419        2        29        4        4,0,0        12.000000
248        3        27        19        19,0,0        12.000000
104        5        20        11        11,0,0        12.000000
242        5        7        8        8,0,0        12.000000
224        6        32        25        25,0,0        12.000000
230        6        20        14        14,0,0        12.000000
23        9        9        22        22,0,0        12.000000
29        9        21        24        24,0,0        12.000000
92        10        32        39        39,0,0        12.000000
116        11        25        35        35,0,0        12.000000
443        12        29        32        32,0,0        12.000000
449        12        14        43        43,0,0        12.000000
35        13        1        37        37,0,0        12.000000
260        13        21        46        46,0,0        12.000000
401        15        10        41        41,0,0        12.000000
266        16        19        50        50,0,0        12.000000
467        18        1        51        51,0,0        12.000000
#Delay 0.010000    0    25    0    25    0    0    0    24    0    0    25    0    0    25    0    0    0    0    25    0    0    25    0    25    25    0    0    0    0    0    0    25    0    0    25    0    25    0    25    0    25    0    25    0    0    25    0    0    0    25    0    0    0    0    0    
#Delay 0.510000    0    25    0    25    0    0    0    25    0    0    25    0    0    25    0    0    0    0    25    0    0    25    0    25    25    0    0    0    0    0    0    25    0    0    25    0    24    0    25    0    25    0    25    0    0    25    0    0    0    25    0    0    0    0    0    
#Delay 1.010000    0    25    0    24    0    0    0    25    0    0    25    0    0    25    0    0    0    0    25    0    0    24    0    25    25    0    0    0    0    0    0    24    0    0    24    0    25    0    25    0    25    0    25    0    0    25    0    0    0    25    0    0    0    0    0    
#Delay 1.510000    0    25    0    21    0    0    0    25    0    0    18    0    0    25    0    0    0    0    24    0    0    25    0    24    23    0    0    0    0    0    0    24    0    0    8    0    25    0    25    0    25    0    25    0    0    25    0    0    0    25    0    0    0    0    0    
#Delay 2.010000    0    24    0    10    0    0    0    24    0    0    3    0    0    25    0    0    0    0    19    0    0    25    0    8    11    0    0    0    0    0    0    21    0    0    0    0    23    0    25    0    24    0    25    0    0    25    0    0    0    25    0    0    0    0    0    
#Delay 2.510000    0    23    0    2    0    0    0    18    0    0    1    0    0    17    0    0    0    0    5    0    0    25    0    1    1    0    0    0    0    0    0    3    0    0    0    0    7    0    22    0    17    0    18    0    0    25    0    0    0    23    0    0    0    0    0    
#Delay 3.010000    0    19    0    0    0    0    0    2    0    0    0    0    0    8    0    0    0    0    0    0    0    20    0    0    0    0    0    0    0    0    0    0    0    0    0    0    0    0    7    0    4    0    6    0    0    25    0    0    0    24    0    0    0    0    0    
#Delay 3.510000    0    2    0    0    0    0    0    0    0    0    0    0    0    0    0    0    0    0    0    0    0    4    0    0    0    0    0    0    0    0    0    0    0    0    0    0    0    0    0    0    0    0    0    0    0    12    0    0    0    1    0    0    0    0    0    
#Delay 4.010000    0    0    0    0    0    0    0    0    0    0    0    0    0    0    0    0    0    0    0    0    0    0    0    0    0    0    0    0    0    0    0    0    0    0    0    0    0    0    0    0    0    0    0    0    0    7    0    0    0    0    0    0    0    0    0    
#Delay 4.510000    0    0    0    0    0    0    0    0    0    0    0    0    0    0    0    0    0    0    0    0    0    0    0    0    0    0    0    0    0    0    0    0    0    0    0    0    0    0    0    0    0    0    0    0    0    0    0    0    0    1    0    0    0    0    0    
#Delay 5.010000    0    0    0    0    0    0    0    0    0    0    0    0    0    0    0    0    0    0    0    0    0    0    0    0    0    0    0    0    0    0    0    0    0    0    0    0    0    0    0    0    0    0    0    0    0    0    0    0    0    0    0    0    0    0    0    
#Delay 5.510000    0    0    0    0    0    0    0    0    0    0    0    0    0    0    0    0    0    0    0    0    0    0    0    0    0    0    0    0    0    0    0    0    0    0    0    0    0    0    0    0    0    0    0    0    0    0    0    0    0    0    0    0    0    0    0    
#Delay 6.010000    0    0    0    0    0    0    0    0    0    0    0    0    0    0    0    0    0    0    0    0    0    0    0    0    0    0    0    0    0    0    0    0    0    0    0    0    0    0    0    0    0    0    0    0    0    0    0    0    0    0    0    0    0    0    0    
#PIXEL  #BOARD  #CHANNEL  #MACROCELL L2  #ALL MACROCELLS  #ATTENUATION
351        2        21        4        4,10,0        12.000000
357        2        12        2        2,5,0        12.000000
72        5        19        11        11,16,0        12.000000
192        5        1        8        8,20,0        12.000000
180        6        19        14        14,21,0        12.000000
22        9        14        22        22,34,0        12.000000
30        9        29        24        24,33,0        12.000000
249        9        7        19        19,29,0        12.000000
223        10        26        25        25,38,0        12.000000
157        11        26        35        35,40,0        12.000000
444        12        30        32        32,0,0        12.000000
58        13        2        37        37,44,0        12.000000
169        14        4        39        39,48,0        12.000000
400        15        16        41        41,0,0        12.000000
325        16        23        50        50,54,0        12.000000
526        16        2        43        43,0,0        12.000000
319        17        1        46        46,52,0        12.000000
544        18        7        51        51,0,0        12.000000
#Delay 0.010000    0    25    0    25    24    0    0    25    0    25    25    0    0    25    0    25    0    0    25    25    25    25    0    25    25    0    0    0    25    0    0    25    25    25    25    0    24    25    25    21    25    0    25    25    0    25    0    25    0    25    0    25    0    25    0    
#Delay 0.510000    0    15    0    25    9    0    0    25    0    25    25    0    0    25    0    25    0    0    25    25    25    25    0    24    25    0    0    0    25    0    0    25    25    25    19    0    25    25    25    4    25    0    25    25    0    25    0    25    0    25    0    25    0    25    0    
#Delay 1.010000    0    7    0    25    2    0    0    25    0    25    25    0    0    25    0    25    0    0    25    25    25    25    0    25    25    0    0    0    25    0    0    25    25    25    8    0    25    25    25    2    25    0    25    25    0    25    0    25    0    25    0    25    0    25    0    
#Delay 1.510000    0    0    0    25    0    0    0    24    0    25    25    0    0    24    0    23    0    0    25    25    13    24    0    25    25    0    0    0    25    0    0    23    25    24    0    0    25    25    22    0    25    0    24    24    0    21    0    24    0    25    0    25    0    25    0    
#Delay 2.010000    0    0    0    25    0    0    0    22    0    25    21    0    0    17    0    20    0    0    19    24    3    25    0    25    25    0    0    0    25    0    0    18    25    25    0    0    24    25    6    0    25    0    22    23    0    9    0    15    0    25    0    25    0    25    0    
#Delay 2.510000    0    0    0    13    0    0    0    2    0    21    6    0    0    3    0    1    0    0    1    9    0    9    0    23    20    0    0    0    19    0    0    0    24    13    0    0    8    22    0    0    25    0    2    6    0    0    0    0    0    25    0    24    0    25    0    
#Delay 3.010000    0    0    0    2    0    0    0    0    0    5    1    0    0    0    0    0    0    0    0    0    0    2    0    12    10    0    0    0    5    0    0    1    15    2    0    0    1    15    0    0    21    0    0    1    0    0    0    1    0    23    0    24    0    23    0    
#Delay 3.510000    0    0    0    0    0    0    0    0    0    0    0    0    0    0    0    0    0    0    0    0    0    0    0    0    0    0    0    0    1    0    0    0    0    0    0    0    0    0    0    0    8    0    0    0    0    0    0    0    0    2    0    25    0    7    0    
#Delay 4.010000    0    0    0    0    0    0    0    0    0    0    0    0    0    0    0    0    0    0    0    0    0    0    0    0    0    0    0    0    0    0    0    0    0    0    0    0    0    0    0    0    0    0    0    0    0    0    0    0    0    1    0    21    0    1    0    
#Delay 4.510000    0    0    0    0    0    0    0    0    0    0    0    0    0    0    0    0    0    0    0    0    0    0    0    0    0    0    0    0    0    0    0    0    0    0    0    0    0    0    0    0    0    0    0    0    0    0    0    0    0    0    0    13    0    0    0    
#Delay 5.010000    0    0    0    0    0    0    0    0    0    0    0    0    0    0    0    0    0    0    0    0    0    0    0    0    0    0    0    0    0    0    0    0    0    0    0    0    0    0    0    0    0    0    0    0    0    0    0    0    0    0    0    0    0    0    0    
#Delay 5.510000    0    0    0    0    0    0    0    0    0    0    0    0    0    0    0    0    0    0    0    0    0    0    0    0    0    0    0    0    0    0    0    0    0    0    0    0    0    0    0    0    0    0    0    0    0    0    0    0    0    0    0    0    0    0    0    
#Delay 6.010000    0    0    0    0    0    0    0    0    0    0    0    0    0    0    0    0    0    0    0    0    0    0    0    0    0    0    0    0    0    0    0    0    0    0    0    0    0    0    0    0    0    0    0    0    0    0    0    0    0    0    0    0    0    0    0    
#PIXEL  #BOARD  #CHANNEL  #MACROCELL L2  #ALL MACROCELLS  #ATTENUATION
289        2        17        4        4,10,0        12.000000
295        2        7        2        2,5,0        12.000000
148        4        28        8        8,20,0        12.000000
46        5        18        11        11,16,0        12.000000
136        6        18        14        14,21,0        12.000000
21        9        20        22        22,34,0        12.000000
250        9        2        19        19,29,0        12.000000
31        10        3        24        24,33,0        12.000000
222        10        31        25        25,38,0        12.000000
204        11        27        35        35,40,0        12.000000
445        12        31        32        32,0,0        12.000000
87        13        3        37        37,44,0        12.000000
216        14        9        39        39,48,0        12.000000
399        15        21        41        41,0,0        12.000000
390        16        28        50        50,54,0        12.000000
609        16        8        43        43,0,0        12.000000
384        17        5        46        46,52,0        12.000000
627        18        12        51        51,0,0        12.000000
#Delay 0.010000    0    25    0    25    25    0    0    25    0    25    24    0    0    25    0    23    0    0    25    25    24    25    0    25    25    0    0    0    25    0    0    25    25    25    25    0    25    25    25    25    25    0    25    25    0    24    0    25    0    25    0    25    0    25    0    
#Delay 0.510000    0    25    0    25    25    0    0    25    0    25    23    0    0    25    0    10    0    0    25    25    17    23    0    25    25    0    0    0    25    0    0    24    25    23    25    0    25    25    25    25    25    0    25    25    0    14    0    25    0    24    0    25    0    22    0    
#Delay 1.010000    0    25    0    25    25    0    0    25    0    25    9    0    0    23    0    0    0    0    25    25    7    13    0    25    25    0    0    0    25    0    0    4    25    10    24    0    24    25    25    22    25    0    25    24    0    2    0    25    0    8    0    25    0    7    0    
#Delay 1.510000    0    25    0    22    25    0    0    21    0    24    2    0    0    15    0    0    0    0    22    23    1    1    0    25    25    0    0    0    25    0    0    1    25    1    22    0    25    25    25    14    25    0    25    25    0    0    0    25    0    0    0    25    0    0    0    
#Delay 2.010000    0    25    0    13    25    0    0    6    0    18    0    0    0    0    0    0    0    0    5    7    0    0    0    25    25    0    0    0    21    0    0    0    25    0    15    0    22    25    12    0    25    0    25    21    0    0    0    18    0    0    0    25    0    0    0    
#Delay 2.510000    0    25    0    2    24    0    0    1    0    3    0    0    0    0    0    0    0    0    1    2    0    0    0    24    25    0    0    0    7    0    0    0    24    0    1    0    8    25    2    0    12    0    16    5    0    0    0    4    0    0    0    22    0    0    0    
#Delay 3.010000    0    24    0    0    21    0    0    0    0    0    0    0    0    0    0    0    0    0    0    0    0    0    0    10    25    0    0    0    0    0    0    0    14    0    0    0    0    25    0    0    3    0    2    0    0    0    0    0    0    0    0    18    0    0    0    
#Delay 3.510000    0    18    0    0    4    0    0    0    0    0    0    0    0    0    0    0    0    0    0    0    0    0    0    2    25    0    0    0    0    0    0    0    3    0    0    0    0    25    0    0    0    0    0    0    0    0    0    0    0    0    0    2    0    0    0    
#Delay 4.010000    0    3    0    0    0    0    0    0    0    0    0    0    0    0    0    0    0    0    0    0    0    0    0    0    23    0    0    0    0    0    0    0    0    0    0    0    0    24    0    0    0    0    0    0    0    0    0    0    0    0    0    0    0    0    0    
#Delay 4.510000    0    0    0    0    0    0    0    0    0    0    0    0    0    0    0    0    0    0    0    0    0    0    0    0    16    0    0    0    0    0    0    0    0    0    1    0    0    17    0    0    0    0    0    0    0    0    0    0    0    0    0    0    0    0    0    
#Delay 5.010000    0    0    0    0    0    0    0    0    0    0    0    0    0    0    0    0    0    0    0    0    0    0    0    0    1    0    0    0    0    0    0    0    0    0    0    0    0    1    0    0    1    0    0    0    0    0    0    0    0    0    0    0    0    0    0    
#Delay 5.510000    0    0    0    0    0    0    0    0    0    0    0    0    0    0    0    0    0    0    0    0    0    0    0    0    0    0    0    0    0    0    0    0    0    0    0    0    0    0    0    0    0    0    0    0    0    0    0    0    0    0    0    0    0    0    0    
#Delay 6.010000    0    0    0    0    0    0    0    0    0    0    0    0    0    0    0    0    0    0    0    0    0    0    0    0    0    0    0    0    0    0    0    0    0    0    0    0    0    0    0    0    0    0    0    0    0    0    0    0    0    0    0    0    0    0    0    
