#PIXEL    #BOARD   #CHANNEL     #MACROCELL L1    #ALL MACROCELLS
426        1        10        1        1,2,0        4271804
352        2        22        3        3,4,0        4271804
568        3        17        7        7,0,0        4271804
243        4        5        9        8,9,0        4271804
105        5        13        12        11,12,0        4271804
181        6        15        15        14,15,0        4271804
306        7        25        23        19,23,0        4271804
343        7        16        18        18,0,0        4271804
51        8        24        27        24,27,0        4271804
10        9        13        28        22,28,0        4271804
175        10        20        30        25,30,0        4271804
156        11        30        36        35,36,0        4271804
556        11        19        31        31,0,0        4271804
57        13        6        42        37,42,0        4271804
127        14        3        45        39,45,0        4271804
318        15        27        49        46,49,0        4271804
334        15        9        47        41,47,0        4271804
265        16        22        53        50,53,0        4271804
466        17        24        55        51,55,0        4271804
#PIXEL    #BOARD   #CHANNEL     #MACROCELL L1    #ALL MACROCELLS
582        1        25        1        1,0,0        4271804
354        2        24        3        3,0,0        4271804
570        3        19        7        7,0,0        4271804
363        4        18        9        6,9,0        4271804
189        5        15        12        5,12,0        4271804
183        6        4        15        10,15,0        4271804
345        7        5        18        13,18,0        4271804
406        7        20        31        26,31,0        4271804
438        7        32        23        17,23,0        4271804
12        9        11        28        16,28,0        4271804
111        9        4        27        20,27,0        4271804
97        10        11        30        21,30,0        4271804
252        12        9        36        29,36,0        4271804
55        13        16        42        33,42,0        4271804
61        14        1        45        34,45,0        4271804
220        14        30        47        38,47,0        4271804
316        15        25        49        40,49,0        4271804
163        16        20        53        44,53,0        4271804
328        17        19        55        48,55,0        4271804
#Delay 0.010000    0    0    0    0    0    0    0    0    0    0    0    0    0    0    0    0    0    0    0    0    0    0    0    0    0    0    0    0    0    0    0    0    0    0    0    0    0    0    0    0    0    0    0    0    0    0    0    0    0    0    0    0    0    0    0    
#Macrocel    #Delay[s]    #Rate[Hz]
1    0.000000    0    
2    0.000000    0    
3    0.000000    0    
4    0.000000    0    
5    0.000000    0    
6    0.000000    0    
7    0.000000    0    
8    0.000000    0    
9    0.000000    0    
10    0.000000    0    
11    0.000000    0    
12    0.000000    0    
13    0.000000    0    
14    0.000000    0    
15    0.000000    0    
16    0.000000    0    
17    0.000000    0    
18    0.000000    0    
19    0.000000    0    
20    0.000000    0    
21    0.000000    0    
22    0.000000    0    
23    0.000000    0    
24    0.000000    0    
25    0.000000    0    
26    0.000000    0    
27    0.000000    0    
28    0.000000    0    
29    0.000000    0    
30    0.000000    0    
31    0.000000    0    
32    0.000000    0    
33    0.000000    0    
34    0.000000    0    
35    0.000000    0    
36    0.000000    0    
37    0.000000    0    
38    0.000000    0    
39    0.000000    0    
40    0.000000    0    
41    0.000000    0    
42    0.000000    0    
43    0.000000    0    
44    0.000000    0    
45    0.000000    0    
46    0.000000    0    
47    0.000000    0    
48    0.000000    0    
49    0.000000    0    
50    0.000000    0    
51    0.000000    0    
52    0.000000    0    
53    0.000000    0    
54    0.000000    0    
55    0.000000    0    
#Macrocel    #Delay[s]    #Rate[Hz]
1    0.100000    0    
2    0.100000    0    
3    0.100000    0    
4    0.100000    0    
5    0.100000    0    
6    0.100000    0    
7    0.100000    0    
8    0.100000    0    
9    0.100000    0    
10    0.100000    0    
11    0.100000    0    
12    0.100000    0    
13    0.100000    0    
14    0.100000    0    
15    0.100000    0    
16    0.100000    0    
17    0.100000    0    
18    0.100000    0    
19    0.100000    0    
20    0.100000    0    
21    0.100000    0    
22    0.100000    0    
23    0.100000    0    
24    0.100000    0    
25    0.100000    0    
26    0.100000    0    
27    0.100000    0    
28    0.100000    0    
29    0.100000    0    
30    0.100000    0    
31    0.100000    0    
32    0.100000    0    
33    0.100000    0    
34    0.100000    0    
35    0.100000    0    
36    0.100000    0    
37    0.100000    0    
38    0.100000    0    
39    0.100000    0    
40    0.100000    0    
41    0.100000    0    
42    0.100000    0    
43    0.100000    0    
44    0.100000    0    
45    0.100000    0    
46    0.100000    0    
47    0.100000    0    
48    0.100000    0    
49    0.100000    0    
50    0.100000    0    
51    0.100000    0    
52    0.100000    0    
53    0.100000    0    
54    0.100000    0    
55    0.100000    0    
#Macrocel    #Delay[s]    #Rate[Hz]
1    0.200000    0    
2    0.200000    0    
3    0.200000    0    
4    0.200000    0    
5    0.200000    0    
6    0.200000    0    
7    0.200000    0    
8    0.200000    0    
9    0.200000    0    
10    0.200000    0    
11    0.200000    0    
12    0.200000    0    
13    0.200000    0    
14    0.200000    0    
15    0.200000    0    
16    0.200000    0    
17    0.200000    0    
18    0.200000    0    
19    0.200000    0    
20    0.200000    0    
21    0.200000    0    
22    0.200000    0    
23    0.200000    0    
24    0.200000    0    
25    0.200000    0    
26    0.200000    0    
27    0.200000    0    
28    0.200000    0    
29    0.200000    0    
30    0.200000    0    
31    0.200000    0    
32    0.200000    0    
33    0.200000    0    
34    0.200000    0    
35    0.200000    0    
36    0.200000    0    
37    0.200000    0    
38    0.200000    0    
39    0.200000    0    
40    0.200000    0    
41    0.200000    0    
42    0.200000    0    
43    0.200000    0    
44    0.200000    0    
45    0.200000    0    
46    0.200000    0    
47    0.200000    0    
48    0.200000    0    
49    0.200000    0    
50    0.200000    0    
51    0.200000    0    
52    0.200000    0    
53    0.200000    0    
54    0.200000    0    
55    0.200000    0    
#Macrocel    #Delay[s]    #Rate[Hz]
1    0.300000    0    
2    0.300000    0    
3    0.300000    0    
4    0.300000    0    
5    0.300000    0    
6    0.300000    0    
7    0.300000    0    
8    0.300000    0    
9    0.300000    0    
10    0.300000    0    
11    0.300000    0    
12    0.300000    0    
13    0.300000    0    
14    0.300000    0    
15    0.300000    0    
16    0.300000    0    
17    0.300000    0    
18    0.300000    0    
19    0.300000    0    
20    0.300000    0    
21    0.300000    0    
22    0.300000    0    
23    0.300000    0    
24    0.300000    0    
25    0.300000    0    
26    0.300000    0    
27    0.300000    0    
28    0.300000    0    
29    0.300000    0    
30    0.300000    0    
31    0.300000    0    
32    0.300000    0    
33    0.300000    0    
34    0.300000    0    
35    0.300000    0    
36    0.300000    0    
37    0.300000    0    
38    0.300000    0    
39    0.300000    0    
40    0.300000    0    
41    0.300000    0    
42    0.300000    0    
43    0.300000    0    
44    0.300000    0    
45    0.300000    0    
46    0.300000    0    
47    0.300000    0    
48    0.300000    0    
49    0.300000    0    
50    0.300000    0    
51    0.300000    0    
52    0.300000    0    
53    0.300000    0    
54    0.300000    0    
55    0.300000    0    
#Macrocel    #Delay[s]    #Rate[Hz]
1    0.400000    0    
2    0.400000    0    
3    0.400000    0    
4    0.400000    0    
5    0.400000    0    
6    0.400000    0    
7    0.400000    0    
8    0.400000    0    
9    0.400000    0    
10    0.400000    0    
11    0.400000    0    
12    0.400000    0    
13    0.400000    0    
14    0.400000    0    
15    0.400000    0    
16    0.400000    0    
17    0.400000    0    
18    0.400000    0    
19    0.400000    0    
20    0.400000    0    
21    0.400000    0    
22    0.400000    0    
23    0.400000    0    
24    0.400000    0    
25    0.400000    0    
26    0.400000    0    
27    0.400000    0    
28    0.400000    0    
29    0.400000    0    
30    0.400000    0    
31    0.400000    0    
32    0.400000    0    
33    0.400000    0    
34    0.400000    0    
35    0.400000    0    
36    0.400000    0    
37    0.400000    0    
38    0.400000    0    
39    0.400000    0    
40    0.400000    0    
41    0.400000    0    
42    0.400000    0    
43    0.400000    0    
44    0.400000    0    
45    0.400000    0    
46    0.400000    0    
47    0.400000    0    
48    0.400000    0    
49    0.400000    0    
50    0.400000    0    
51    0.400000    0    
52    0.400000    0    
53    0.400000    0    
54    0.400000    0    
55    0.400000    0    
#Macrocel    #Delay[s]    #Rate[Hz]
1    0.500000    0    
2    0.500000    0    
3    0.500000    0    
4    0.500000    0    
5    0.500000    0    
6    0.500000    0    
7    0.500000    0    
8    0.500000    0    
9    0.500000    0    
10    0.500000    0    
11    0.500000    0    
12    0.500000    0    
13    0.500000    0    
14    0.500000    0    
15    0.500000    0    
16    0.500000    0    
17    0.500000    0    
18    0.500000    0    
19    0.500000    0    
20    0.500000    0    
21    0.500000    0    
22    0.500000    0    
23    0.500000    0    
24    0.500000    0    
25    0.500000    0    
26    0.500000    0    
27    0.500000    0    
28    0.500000    0    
29    0.500000    0    
30    0.500000    0    
31    0.500000    0    
32    0.500000    0    
33    0.500000    0    
34    0.500000    0    
35    0.500000    0    
36    0.500000    0    
37    0.500000    0    
38    0.500000    0    
39    0.500000    0    
40    0.500000    0    
41    0.500000    0    
42    0.500000    0    
43    0.500000    0    
44    0.500000    0    
45    0.500000    0    
46    0.500000    0    
47    0.500000    0    
48    0.500000    0    
49    0.500000    0    
50    0.500000    0    
51    0.500000    0    
52    0.500000    0    
53    0.500000    0    
54    0.500000    0    
55    0.500000    0    
#Macrocel    #Delay[s]    #Rate[Hz]
1    0.600000    0    
2    0.600000    0    
3    0.600000    0    
4    0.600000    0    
5    0.600000    0    
6    0.600000    0    
7    0.600000    0    
8    0.600000    0    
9    0.600000    0    
10    0.600000    0    
11    0.600000    0    
12    0.600000    0    
13    0.600000    0    
14    0.600000    0    
15    0.600000    0    
16    0.600000    0    
17    0.600000    0    
18    0.600000    0    
19    0.600000    0    
20    0.600000    0    
21    0.600000    0    
22    0.600000    0    
23    0.600000    0    
24    0.600000    0    
25    0.600000    0    
26    0.600000    0    
27    0.600000    0    
28    0.600000    0    
29    0.600000    0    
30    0.600000    0    
31    0.600000    0    
32    0.600000    0    
33    0.600000    0    
34    0.600000    0    
35    0.600000    0    
36    0.600000    0    
37    0.600000    0    
38    0.600000    0    
39    0.600000    0    
40    0.600000    0    
41    0.600000    0    
42    0.600000    0    
43    0.600000    0    
44    0.600000    0    
45    0.600000    0    
46    0.600000    0    
47    0.600000    0    
48    0.600000    0    
49    0.600000    0    
50    0.600000    0    
51    0.600000    0    
52    0.600000    0    
53    0.600000    0    
54    0.600000    0    
55    0.600000    0    
#Macrocel    #Delay[s]    #Rate[Hz]
1    0.700000    0    
2    0.700000    0    
3    0.700000    0    
4    0.700000    0    
5    0.700000    0    
6    0.700000    0    
7    0.700000    0    
8    0.700000    0    
9    0.700000    0    
10    0.700000    0    
11    0.700000    0    
12    0.700000    0    
13    0.700000    0    
14    0.700000    0    
15    0.700000    0    
16    0.700000    0    
17    0.700000    0    
18    0.700000    0    
19    0.700000    0    
20    0.700000    0    
21    0.700000    0    
22    0.700000    0    
23    0.700000    0    
24    0.700000    0    
25    0.700000    0    
26    0.700000    0    
27    0.700000    0    
28    0.700000    0    
29    0.700000    0    
30    0.700000    0    
31    0.700000    0    
32    0.700000    0    
33    0.700000    0    
34    0.700000    0    
35    0.700000    0    
36    0.700000    0    
37    0.700000    0    
38    0.700000    0    
39    0.700000    0    
40    0.700000    0    
41    0.700000    0    
42    0.700000    0    
43    0.700000    0    
44    0.700000    0    
45    0.700000    0    
46    0.700000    0    
47    0.700000    0    
48    0.700000    0    
49    0.700000    0    
50    0.700000    0    
51    0.700000    0    
52    0.700000    0    
53    0.700000    0    
54    0.700000    0    
55    0.700000    0    
#Macrocel    #Delay[s]    #Rate[Hz]
1    0.800000    0    
2    0.800000    0    
3    0.800000    0    
4    0.800000    0    
5    0.800000    0    
6    0.800000    0    
7    0.800000    0    
8    0.800000    0    
9    0.800000    0    
10    0.800000    0    
11    0.800000    0    
12    0.800000    0    
13    0.800000    0    
14    0.800000    0    
15    0.800000    0    
16    0.800000    0    
17    0.800000    0    
18    0.800000    0    
19    0.800000    0    
20    0.800000    0    
21    0.800000    0    
22    0.800000    0    
23    0.800000    0    
24    0.800000    0    
25    0.800000    0    
26    0.800000    0    
27    0.800000    0    
28    0.800000    0    
29    0.800000    0    
30    0.800000    0    
31    0.800000    0    
32    0.800000    0    
33    0.800000    0    
34    0.800000    0    
35    0.800000    0    
36    0.800000    0    
37    0.800000    0    
38    0.800000    0    
39    0.800000    0    
40    0.800000    0    
41    0.800000    0    
42    0.800000    0    
43    0.800000    0    
44    0.800000    0    
45    0.800000    0    
46    0.800000    0    
47    0.800000    0    
48    0.800000    0    
49    0.800000    0    
50    0.800000    0    
51    0.800000    0    
52    0.800000    0    
53    0.800000    0    
54    0.800000    0    
55    0.800000    0    
#Macrocel    #Delay[s]    #Rate[Hz]
1    0.900000    0    
2    0.900000    0    
3    0.900000    0    
4    0.900000    0    
5    0.900000    0    
6    0.900000    0    
7    0.900000    0    
8    0.900000    0    
9    0.900000    0    
10    0.900000    0    
11    0.900000    0    
12    0.900000    0    
13    0.900000    0    
14    0.900000    0    
15    0.900000    0    
16    0.900000    0    
17    0.900000    0    
18    0.900000    0    
19    0.900000    0    
20    0.900000    0    
21    0.900000    0    
22    0.900000    0    
23    0.900000    0    
24    0.900000    0    
25    0.900000    0    
26    0.900000    0    
27    0.900000    0    
28    0.900000    0    
29    0.900000    0    
30    0.900000    0    
31    0.900000    0    
32    0.900000    0    
33    0.900000    0    
34    0.900000    0    
35    0.900000    0    
36    0.900000    0    
37    0.900000    0    
38    0.900000    0    
39    0.900000    0    
40    0.900000    0    
41    0.900000    0    
42    0.900000    0    
43    0.900000    0    
44    0.900000    0    
45    0.900000    0    
46    0.900000    0    
47    0.900000    0    
48    0.900000    0    
49    0.900000    0    
50    0.900000    0    
51    0.900000    0    
52    0.900000    0    
53    0.900000    0    
54    0.900000    0    
55    0.900000    0    
#Macrocel    #Delay[s]    #Rate[Hz]
1    1.000000    0    
2    1.000000    0    
3    1.000000    0    
4    1.000000    0    
5    1.000000    0    
6    1.000000    0    
7    1.000000    0    
8    1.000000    0    
9    1.000000    0    
10    1.000000    0    
11    1.000000    0    
12    1.000000    0    
13    1.000000    0    
14    1.000000    0    
15    1.000000    0    
16    1.000000    0    
17    1.000000    0    
18    1.000000    0    
19    1.000000    0    
20    1.000000    0    
21    1.000000    0    
22    1.000000    0    
23    1.000000    0    
24    1.000000    0    
25    1.000000    0    
26    1.000000    0    
27    1.000000    0    
28    1.000000    0    
29    1.000000    0    
30    1.000000    0    
31    1.000000    0    
32    1.000000    0    
33    1.000000    0    
34    1.000000    0    
35    1.000000    0    
36    1.000000    0    
37    1.000000    0    
38    1.000000    0    
39    1.000000    0    
40    1.000000    0    
41    1.000000    0    
42    1.000000    0    
43    1.000000    0    
44    1.000000    0    
45    1.000000    0    
46    1.000000    0    
47    1.000000    0    
48    1.000000    0    
49    1.000000    0    
50    1.000000    0    
51    1.000000    0    
52    1.000000    0    
53    1.000000    0    
54    1.000000    0    
55    1.000000    0    
#Macrocel    #Delay[s]    #Rate[Hz]
1    1.100000    0    
2    1.100000    0    
3    1.100000    0    
4    1.100000    0    
5    1.100000    0    
6    1.100000    0    
7    1.100000    0    
8    1.100000    0    
9    1.100000    0    
10    1.100000    0    
11    1.100000    0    
12    1.100000    0    
13    1.100000    0    
14    1.100000    0    
15    1.100000    0    
16    1.100000    0    
17    1.100000    0    
18    1.100000    0    
19    1.100000    0    
20    1.100000    0    
21    1.100000    0    
22    1.100000    0    
23    1.100000    0    
24    1.100000    0    
25    1.100000    0    
26    1.100000    0    
27    1.100000    0    
28    1.100000    0    
29    1.100000    0    
30    1.100000    0    
31    1.100000    0    
32    1.100000    0    
33    1.100000    0    
34    1.100000    0    
35    1.100000    0    
36    1.100000    0    
37    1.100000    0    
38    1.100000    0    
39    1.100000    0    
40    1.100000    0    
41    1.100000    0    
42    1.100000    0    
43    1.100000    0    
44    1.100000    0    
45    1.100000    0    
46    1.100000    0    
47    1.100000    0    
48    1.100000    0    
49    1.100000    0    
50    1.100000    0    
51    1.100000    0    
52    1.100000    0    
53    1.100000    0    
54    1.100000    0    
55    1.100000    0    
#Macrocel    #Delay[s]    #Rate[Hz]
1    1.200000    0    
2    1.200000    0    
3    1.200000    0    
4    1.200000    0    
5    1.200000    0    
6    1.200000    0    
7    1.200000    0    
8    1.200000    0    
9    1.200000    0    
10    1.200000    0    
11    1.200000    0    
12    1.200000    0    
13    1.200000    0    
14    1.200000    0    
15    1.200000    0    
16    1.200000    0    
17    1.200000    0    
18    1.200000    0    
19    1.200000    0    
20    1.200000    0    
21    1.200000    0    
22    1.200000    0    
23    1.200000    0    
24    1.200000    0    
25    1.200000    0    
26    1.200000    0    
27    1.200000    0    
28    1.200000    0    
29    1.200000    0    
30    1.200000    0    
31    1.200000    0    
32    1.200000    0    
33    1.200000    0    
34    1.200000    0    
35    1.200000    0    
36    1.200000    0    
37    1.200000    0    
38    1.200000    0    
39    1.200000    0    
40    1.200000    0    
41    1.200000    0    
42    1.200000    0    
43    1.200000    0    
44    1.200000    0    
45    1.200000    0    
46    1.200000    0    
47    1.200000    0    
48    1.200000    0    
49    1.200000    0    
50    1.200000    0    
51    1.200000    0    
52    1.200000    0    
53    1.200000    0    
54    1.200000    0    
55    1.200000    0    
#Macrocel    #Delay[s]    #Rate[Hz]
1    1.300000    0    
2    1.300000    0    
3    1.300000    0    
4    1.300000    0    
5    1.300000    0    
6    1.300000    0    
7    1.300000    0    
8    1.300000    0    
9    1.300000    0    
10    1.300000    0    
11    1.300000    0    
12    1.300000    0    
13    1.300000    0    
14    1.300000    0    
15    1.300000    0    
16    1.300000    0    
17    1.300000    0    
18    1.300000    0    
19    1.300000    0    
20    1.300000    0    
21    1.300000    0    
22    1.300000    0    
23    1.300000    0    
24    1.300000    0    
25    1.300000    0    
26    1.300000    0    
27    1.300000    0    
28    1.300000    0    
29    1.300000    0    
30    1.300000    0    
31    1.300000    0    
32    1.300000    0    
33    1.300000    0    
34    1.300000    0    
35    1.300000    0    
36    1.300000    0    
37    1.300000    0    
38    1.300000    0    
39    1.300000    0    
40    1.300000    0    
41    1.300000    0    
42    1.300000    0    
43    1.300000    0    
44    1.300000    0    
45    1.300000    0    
46    1.300000    0    
47    1.300000    0    
48    1.300000    0    
49    1.300000    0    
50    1.300000    0    
51    1.300000    0    
52    1.300000    0    
53    1.300000    0    
54    1.300000    0    
55    1.300000    0    
#Macrocel    #Delay[s]    #Rate[Hz]
1    1.400000    0    
2    1.400000    0    
3    1.400000    0    
4    1.400000    0    
5    1.400000    0    
6    1.400000    0    
7    1.400000    0    
8    1.400000    0    
9    1.400000    0    
10    1.400000    0    
11    1.400000    0    
12    1.400000    0    
13    1.400000    0    
14    1.400000    0    
15    1.400000    0    
16    1.400000    0    
17    1.400000    0    
18    1.400000    0    
19    1.400000    0    
20    1.400000    0    
21    1.400000    0    
22    1.400000    0    
23    1.400000    0    
24    1.400000    0    
25    1.400000    0    
26    1.400000    0    
27    1.400000    0    
28    1.400000    0    
29    1.400000    0    
30    1.400000    0    
31    1.400000    0    
32    1.400000    0    
33    1.400000    0    
34    1.400000    0    
35    1.400000    0    
36    1.400000    0    
37    1.400000    0    
38    1.400000    0    
39    1.400000    0    
40    1.400000    0    
41    1.400000    0    
42    1.400000    0    
43    1.400000    0    
44    1.400000    0    
45    1.400000    0    
46    1.400000    0    
47    1.400000    0    
48    1.400000    0    
49    1.400000    0    
50    1.400000    0    
51    1.400000    0    
52    1.400000    0    
53    1.400000    0    
54    1.400000    0    
55    1.400000    0    
#PIXEL  #BOARD  #CHANNEL  #MACROCELL L1  #ALL MACROCELLS  #ATTENUATION
582        1        25        1        1,0,0        13.230659
354        2        24        3        3,0,0        11.142769
570        3        19        7        7,0,0        11.592659
363        4        18        9        6,9,0        10.892372
189        5        15        12        5,12,0        8.475939
183        6        4        15        10,15,0        9.203905
345        7        5        18        13,18,0        10.415794
406        7        20        31        26,31,0        12.803823
438        7        32        23        17,23,0        11.279646
12        9        11        28        16,28,0        10.538177
111        9        4        27        20,27,0        11.648611
97        10        11        30        21,30,0        10.692165
252        12        9        36        29,36,0        9.670956
55        13        16        42        33,42,0        11.984512
61        14        1        45        34,45,0        10.498413
220        14        30        47        38,47,0        11.734388
316        15        25        49        40,49,0        9.453756
163        16        20        53        44,53,0        9.179541
328        17        19        55        48,55,0        7.920162
#Delay 0.010000    0    0    0    0    0    0    0    0    0    0    0    0    0    0    0    0    0    0    0    0    0    0    0    0    0    0    0    0    0    0    0    0    0    0    0    0    0    0    0    0    0    0    0    0    0    0    0    0    0    0    0    0    0    0    0    
#Macrocel    #Delay[s]    #Rate[Hz]
1    0.000000    0    
2    0.000000    0    
3    0.000000    0    
4    0.000000    0    
5    0.000000    0    
6    0.000000    0    
7    0.000000    0    
8    0.000000    0    
9    0.000000    0    
10    0.000000    0    
11    0.000000    0    
12    0.000000    0    
13    0.000000    0    
14    0.000000    0    
15    0.000000    0    
16    0.000000    0    
17    0.000000    0    
18    0.000000    0    
19    0.000000    0    
20    0.000000    0    
21    0.000000    0    
22    0.000000    0    
23    0.000000    0    
24    0.000000    0    
25    0.000000    0    
26    0.000000    0    
27    0.000000    0    
28    0.000000    0    
29    0.000000    0    
30    0.000000    0    
31    0.000000    0    
32    0.000000    0    
33    0.000000    0    
34    0.000000    0    
35    0.000000    0    
36    0.000000    0    
37    0.000000    0    
38    0.000000    0    
39    0.000000    0    
40    0.000000    0    
41    0.000000    0    
42    0.000000    0    
43    0.000000    0    
44    0.000000    0    
45    0.000000    0    
46    0.000000    0    
47    0.000000    0    
48    0.000000    0    
49    0.000000    0    
50    0.000000    0    
51    0.000000    0    
52    0.000000    0    
53    0.000000    0    
54    0.000000    0    
55    0.000000    0    
#Macrocel    #Delay[s]    #Rate[Hz]
1    0.100000    0    
2    0.100000    0    
3    0.100000    0    
4    0.100000    0    
5    0.100000    0    
6    0.100000    0    
7    0.100000    0    
8    0.100000    0    
9    0.100000    0    
10    0.100000    0    
11    0.100000    0    
12    0.100000    0    
13    0.100000    0    
14    0.100000    0    
15    0.100000    0    
16    0.100000    0    
17    0.100000    0    
18    0.100000    0    
19    0.100000    0    
20    0.100000    0    
21    0.100000    0    
22    0.100000    0    
23    0.100000    0    
24    0.100000    0    
25    0.100000    0    
26    0.100000    0    
27    0.100000    0    
28    0.100000    0    
29    0.100000    0    
30    0.100000    0    
31    0.100000    0    
32    0.100000    0    
33    0.100000    0    
34    0.100000    0    
35    0.100000    0    
36    0.100000    0    
37    0.100000    0    
38    0.100000    0    
39    0.100000    0    
40    0.100000    0    
41    0.100000    0    
42    0.100000    0    
43    0.100000    0    
44    0.100000    0    
45    0.100000    0    
46    0.100000    0    
47    0.100000    0    
48    0.100000    0    
49    0.100000    0    
50    0.100000    0    
51    0.100000    0    
52    0.100000    0    
53    0.100000    0    
54    0.100000    0    
55    0.100000    0    
#Macrocel    #Delay[s]    #Rate[Hz]
1    0.200000    0    
2    0.200000    0    
3    0.200000    0    
4    0.200000    0    
5    0.200000    0    
6    0.200000    0    
7    0.200000    0    
8    0.200000    0    
9    0.200000    0    
10    0.200000    0    
11    0.200000    0    
12    0.200000    0    
13    0.200000    0    
14    0.200000    0    
15    0.200000    0    
16    0.200000    0    
17    0.200000    0    
18    0.200000    0    
19    0.200000    0    
20    0.200000    0    
21    0.200000    0    
22    0.200000    0    
23    0.200000    0    
24    0.200000    0    
25    0.200000    0    
26    0.200000    0    
27    0.200000    0    
28    0.200000    0    
29    0.200000    0    
30    0.200000    0    
31    0.200000    0    
32    0.200000    0    
33    0.200000    0    
34    0.200000    0    
35    0.200000    0    
36    0.200000    0    
37    0.200000    0    
38    0.200000    0    
39    0.200000    0    
40    0.200000    0    
41    0.200000    0    
42    0.200000    0    
43    0.200000    0    
44    0.200000    0    
45    0.200000    0    
46    0.200000    0    
47    0.200000    0    
48    0.200000    0    
49    0.200000    0    
50    0.200000    0    
51    0.200000    0    
52    0.200000    0    
53    0.200000    0    
54    0.200000    0    
55    0.200000    0    
#Macrocel    #Delay[s]    #Rate[Hz]
1    0.300000    0    
2    0.300000    0    
3    0.300000    0    
4    0.300000    0    
5    0.300000    0    
6    0.300000    0    
7    0.300000    0    
8    0.300000    0    
9    0.300000    0    
10    0.300000    0    
11    0.300000    0    
12    0.300000    0    
13    0.300000    0    
14    0.300000    0    
15    0.300000    0    
16    0.300000    0    
17    0.300000    0    
18    0.300000    0    
19    0.300000    0    
20    0.300000    0    
21    0.300000    0    
22    0.300000    0    
23    0.300000    0    
24    0.300000    0    
25    0.300000    0    
26    0.300000    0    
27    0.300000    0    
28    0.300000    0    
29    0.300000    0    
30    0.300000    0    
31    0.300000    0    
32    0.300000    0    
33    0.300000    0    
34    0.300000    0    
35    0.300000    0    
36    0.300000    0    
37    0.300000    0    
38    0.300000    0    
39    0.300000    0    
40    0.300000    0    
41    0.300000    0    
42    0.300000    0    
43    0.300000    0    
44    0.300000    0    
45    0.300000    0    
46    0.300000    0    
47    0.300000    0    
48    0.300000    0    
49    0.300000    0    
50    0.300000    0    
51    0.300000    0    
52    0.300000    0    
53    0.300000    0    
54    0.300000    0    
55    0.300000    0    
#Macrocel    #Delay[s]    #Rate[Hz]
1    0.400000    0    
2    0.400000    0    
3    0.400000    0    
4    0.400000    0    
5    0.400000    0    
6    0.400000    0    
7    0.400000    0    
8    0.400000    0    
9    0.400000    0    
10    0.400000    0    
11    0.400000    0    
12    0.400000    0    
13    0.400000    0    
14    0.400000    0    
15    0.400000    0    
16    0.400000    0    
17    0.400000    0    
18    0.400000    0    
19    0.400000    0    
20    0.400000    0    
21    0.400000    0    
22    0.400000    0    
23    0.400000    0    
24    0.400000    0    
25    0.400000    0    
26    0.400000    0    
27    0.400000    0    
28    0.400000    0    
29    0.400000    0    
30    0.400000    0    
31    0.400000    0    
32    0.400000    0    
33    0.400000    0    
34    0.400000    0    
35    0.400000    0    
36    0.400000    0    
37    0.400000    0    
38    0.400000    0    
39    0.400000    0    
40    0.400000    0    
41    0.400000    0    
42    0.400000    0    
43    0.400000    0    
44    0.400000    0    
45    0.400000    0    
46    0.400000    0    
47    0.400000    0    
48    0.400000    0    
49    0.400000    0    
50    0.400000    0    
51    0.400000    0    
52    0.400000    0    
53    0.400000    0    
54    0.400000    0    
55    0.400000    0    
#Macrocel    #Delay[s]    #Rate[Hz]
1    0.500000    0    
2    0.500000    0    
3    0.500000    0    
4    0.500000    0    
5    0.500000    0    
6    0.500000    0    
7    0.500000    0    
8    0.500000    0    
9    0.500000    0    
10    0.500000    0    
11    0.500000    0    
12    0.500000    0    
13    0.500000    0    
14    0.500000    0    
15    0.500000    0    
16    0.500000    0    
17    0.500000    0    
18    0.500000    0    
19    0.500000    0    
20    0.500000    0    
21    0.500000    0    
22    0.500000    0    
23    0.500000    0    
24    0.500000    0    
25    0.500000    0    
26    0.500000    0    
27    0.500000    0    
28    0.500000    0    
29    0.500000    0    
30    0.500000    0    
31    0.500000    0    
32    0.500000    0    
33    0.500000    0    
34    0.500000    0    
35    0.500000    0    
36    0.500000    0    
37    0.500000    0    
38    0.500000    0    
39    0.500000    0    
40    0.500000    0    
41    0.500000    0    
42    0.500000    0    
43    0.500000    0    
44    0.500000    0    
45    0.500000    0    
46    0.500000    0    
47    0.500000    0    
48    0.500000    0    
49    0.500000    0    
50    0.500000    0    
51    0.500000    0    
52    0.500000    0    
53    0.500000    0    
54    0.500000    0    
55    0.500000    0    
#Macrocel    #Delay[s]    #Rate[Hz]
1    0.600000    0    
2    0.600000    0    
3    0.600000    0    
4    0.600000    0    
5    0.600000    0    
6    0.600000    0    
7    0.600000    0    
8    0.600000    0    
9    0.600000    0    
10    0.600000    0    
11    0.600000    0    
12    0.600000    0    
13    0.600000    0    
14    0.600000    0    
15    0.600000    0    
16    0.600000    0    
17    0.600000    0    
18    0.600000    0    
19    0.600000    0    
20    0.600000    0    
21    0.600000    0    
22    0.600000    0    
23    0.600000    0    
24    0.600000    0    
25    0.600000    0    
26    0.600000    0    
27    0.600000    0    
28    0.600000    0    
29    0.600000    0    
30    0.600000    0    
31    0.600000    0    
32    0.600000    0    
33    0.600000    0    
34    0.600000    0    
35    0.600000    0    
36    0.600000    0    
37    0.600000    0    
38    0.600000    0    
39    0.600000    0    
40    0.600000    0    
41    0.600000    0    
42    0.600000    0    
43    0.600000    0    
44    0.600000    0    
45    0.600000    0    
46    0.600000    0    
47    0.600000    0    
48    0.600000    0    
49    0.600000    0    
50    0.600000    0    
51    0.600000    0    
52    0.600000    0    
53    0.600000    0    
54    0.600000    0    
55    0.600000    0    
#Macrocel    #Delay[s]    #Rate[Hz]
1    0.700000    0    
2    0.700000    0    
3    0.700000    0    
4    0.700000    0    
5    0.700000    0    
6    0.700000    0    
7    0.700000    0    
8    0.700000    0    
9    0.700000    0    
10    0.700000    0    
11    0.700000    0    
12    0.700000    0    
13    0.700000    0    
14    0.700000    0    
15    0.700000    0    
16    0.700000    0    
17    0.700000    0    
18    0.700000    0    
19    0.700000    0    
20    0.700000    0    
21    0.700000    0    
22    0.700000    0    
23    0.700000    0    
24    0.700000    0    
25    0.700000    0    
26    0.700000    0    
27    0.700000    0    
28    0.700000    0    
29    0.700000    0    
30    0.700000    0    
31    0.700000    0    
32    0.700000    0    
33    0.700000    0    
34    0.700000    0    
35    0.700000    0    
36    0.700000    0    
37    0.700000    0    
38    0.700000    0    
39    0.700000    0    
40    0.700000    0    
41    0.700000    0    
42    0.700000    0    
43    0.700000    0    
44    0.700000    0    
45    0.700000    0    
46    0.700000    0    
47    0.700000    0    
48    0.700000    0    
49    0.700000    0    
50    0.700000    0    
51    0.700000    0    
52    0.700000    0    
53    0.700000    0    
54    0.700000    0    
55    0.700000    0    
#Macrocel    #Delay[s]    #Rate[Hz]
1    0.800000    0    
2    0.800000    0    
3    0.800000    0    
4    0.800000    0    
5    0.800000    0    
6    0.800000    0    
7    0.800000    0    
8    0.800000    0    
9    0.800000    0    
10    0.800000    0    
11    0.800000    0    
12    0.800000    0    
13    0.800000    0    
14    0.800000    0    
15    0.800000    0    
16    0.800000    0    
17    0.800000    0    
18    0.800000    0    
19    0.800000    0    
20    0.800000    0    
21    0.800000    0    
22    0.800000    0    
23    0.800000    0    
24    0.800000    0    
25    0.800000    0    
26    0.800000    0    
27    0.800000    0    
28    0.800000    0    
29    0.800000    0    
30    0.800000    0    
31    0.800000    0    
32    0.800000    0    
33    0.800000    0    
34    0.800000    0    
35    0.800000    0    
36    0.800000    0    
37    0.800000    0    
38    0.800000    0    
39    0.800000    0    
40    0.800000    0    
41    0.800000    0    
42    0.800000    0    
43    0.800000    0    
44    0.800000    0    
45    0.800000    0    
46    0.800000    0    
47    0.800000    0    
48    0.800000    0    
49    0.800000    0    
50    0.800000    0    
51    0.800000    0    
52    0.800000    0    
53    0.800000    0    
54    0.800000    0    
55    0.800000    0    
#Macrocel    #Delay[s]    #Rate[Hz]
1    0.900000    0    
2    0.900000    0    
3    0.900000    0    
4    0.900000    0    
5    0.900000    0    
6    0.900000    0    
7    0.900000    0    
8    0.900000    0    
9    0.900000    0    
10    0.900000    0    
11    0.900000    0    
12    0.900000    0    
13    0.900000    0    
14    0.900000    0    
15    0.900000    0    
16    0.900000    0    
17    0.900000    0    
18    0.900000    0    
19    0.900000    0    
20    0.900000    0    
21    0.900000    0    
22    0.900000    0    
23    0.900000    0    
24    0.900000    0    
25    0.900000    0    
26    0.900000    0    
27    0.900000    0    
28    0.900000    0    
29    0.900000    0    
30    0.900000    0    
31    0.900000    0    
32    0.900000    0    
33    0.900000    0    
34    0.900000    0    
35    0.900000    0    
36    0.900000    0    
37    0.900000    0    
38    0.900000    0    
39    0.900000    0    
40    0.900000    0    
41    0.900000    0    
42    0.900000    0    
43    0.900000    0    
44    0.900000    0    
45    0.900000    0    
46    0.900000    0    
47    0.900000    0    
48    0.900000    0    
49    0.900000    0    
50    0.900000    0    
51    0.900000    0    
52    0.900000    0    
53    0.900000    0    
54    0.900000    0    
55    0.900000    0    
#Macrocel    #Delay[s]    #Rate[Hz]
1    1.000000    0    
2    1.000000    0    
3    1.000000    0    
4    1.000000    0    
5    1.000000    0    
6    1.000000    0    
7    1.000000    0    
8    1.000000    0    
9    1.000000    0    
10    1.000000    0    
11    1.000000    0    
12    1.000000    0    
13    1.000000    0    
14    1.000000    0    
15    1.000000    0    
16    1.000000    0    
17    1.000000    0    
18    1.000000    0    
19    1.000000    0    
20    1.000000    0    
21    1.000000    0    
22    1.000000    0    
23    1.000000    0    
24    1.000000    0    
25    1.000000    0    
26    1.000000    0    
27    1.000000    0    
28    1.000000    0    
29    1.000000    0    
30    1.000000    0    
31    1.000000    0    
32    1.000000    0    
33    1.000000    0    
34    1.000000    0    
35    1.000000    0    
36    1.000000    0    
37    1.000000    0    
38    1.000000    0    
39    1.000000    0    
40    1.000000    0    
41    1.000000    0    
42    1.000000    0    
43    1.000000    0    
44    1.000000    0    
45    1.000000    0    
46    1.000000    0    
47    1.000000    0    
48    1.000000    0    
49    1.000000    0    
50    1.000000    0    
51    1.000000    0    
52    1.000000    0    
53    1.000000    0    
54    1.000000    0    
55    1.000000    0    
#Macrocel    #Delay[s]    #Rate[Hz]
1    1.100000    0    
2    1.100000    0    
3    1.100000    0    
4    1.100000    0    
5    1.100000    0    
6    1.100000    0    
7    1.100000    0    
8    1.100000    0    
9    1.100000    0    
10    1.100000    0    
11    1.100000    0    
12    1.100000    0    
13    1.100000    0    
14    1.100000    0    
15    1.100000    0    
16    1.100000    0    
17    1.100000    0    
18    1.100000    0    
19    1.100000    0    
20    1.100000    0    
21    1.100000    0    
22    1.100000    0    
23    1.100000    0    
24    1.100000    0    
25    1.100000    0    
26    1.100000    0    
27    1.100000    0    
28    1.100000    0    
29    1.100000    0    
30    1.100000    0    
31    1.100000    0    
32    1.100000    0    
33    1.100000    0    
34    1.100000    0    
35    1.100000    0    
36    1.100000    0    
37    1.100000    0    
38    1.100000    0    
39    1.100000    0    
40    1.100000    0    
41    1.100000    0    
42    1.100000    0    
43    1.100000    0    
44    1.100000    0    
45    1.100000    0    
46    1.100000    0    
47    1.100000    0    
48    1.100000    0    
49    1.100000    0    
50    1.100000    0    
51    1.100000    0    
52    1.100000    0    
53    1.100000    0    
54    1.100000    0    
55    1.100000    0    
#Macrocel    #Delay[s]    #Rate[Hz]
1    1.200000    0    
2    1.200000    0    
3    1.200000    0    
4    1.200000    0    
5    1.200000    0    
6    1.200000    0    
7    1.200000    0    
8    1.200000    0    
9    1.200000    0    
10    1.200000    0    
11    1.200000    0    
12    1.200000    0    
13    1.200000    0    
14    1.200000    0    
15    1.200000    0    
16    1.200000    0    
17    1.200000    0    
18    1.200000    0    
19    1.200000    0    
20    1.200000    0    
21    1.200000    0    
22    1.200000    0    
23    1.200000    0    
24    1.200000    0    
25    1.200000    0    
26    1.200000    0    
27    1.200000    0    
28    1.200000    0    
29    1.200000    0    
30    1.200000    0    
31    1.200000    0    
32    1.200000    0    
33    1.200000    0    
34    1.200000    0    
35    1.200000    0    
36    1.200000    0    
37    1.200000    0    
38    1.200000    0    
39    1.200000    0    
40    1.200000    0    
41    1.200000    0    
42    1.200000    0    
43    1.200000    0    
44    1.200000    0    
45    1.200000    0    
46    1.200000    0    
47    1.200000    0    
48    1.200000    0    
49    1.200000    0    
50    1.200000    0    
51    1.200000    0    
52    1.200000    0    
53    1.200000    0    
54    1.200000    0    
55    1.200000    0    
#Macrocel    #Delay[s]    #Rate[Hz]
1    1.300000    0    
2    1.300000    0    
3    1.300000    0    
4    1.300000    0    
5    1.300000    0    
6    1.300000    0    
7    1.300000    0    
8    1.300000    0    
9    1.300000    0    
10    1.300000    0    
11    1.300000    0    
12    1.300000    0    
13    1.300000    0    
14    1.300000    0    
15    1.300000    0    
16    1.300000    0    
17    1.300000    0    
18    1.300000    0    
19    1.300000    0    
20    1.300000    0    
21    1.300000    0    
22    1.300000    0    
23    1.300000    0    
24    1.300000    0    
25    1.300000    0    
26    1.300000    0    
27    1.300000    0    
28    1.300000    0    
29    1.300000    0    
30    1.300000    0    
31    1.300000    0    
32    1.300000    0    
33    1.300000    0    
34    1.300000    0    
35    1.300000    0    
36    1.300000    0    
37    1.300000    0    
38    1.300000    0    
39    1.300000    0    
40    1.300000    0    
41    1.300000    0    
42    1.300000    0    
43    1.300000    0    
44    1.300000    0    
45    1.300000    0    
46    1.300000    0    
47    1.300000    0    
48    1.300000    0    
49    1.300000    0    
50    1.300000    0    
51    1.300000    0    
52    1.300000    0    
53    1.300000    0    
54    1.300000    0    
55    1.300000    0    
#Macrocel    #Delay[s]    #Rate[Hz]
1    1.400000    0    
2    1.400000    0    
3    1.400000    0    
4    1.400000    0    
5    1.400000    0    
6    1.400000    0    
7    1.400000    0    
8    1.400000    0    
9    1.400000    0    
10    1.400000    0    
11    1.400000    0    
12    1.400000    0    
13    1.400000    0    
14    1.400000    0    
15    1.400000    0    
16    1.400000    0    
17    1.400000    0    
18    1.400000    0    
19    1.400000    0    
20    1.400000    0    
21    1.400000    0    
22    1.400000    0    
23    1.400000    0    
24    1.400000    0    
25    1.400000    0    
26    1.400000    0    
27    1.400000    0    
28    1.400000    0    
29    1.400000    0    
30    1.400000    0    
31    1.400000    0    
32    1.400000    0    
33    1.400000    0    
34    1.400000    0    
35    1.400000    0    
36    1.400000    0    
37    1.400000    0    
38    1.400000    0    
39    1.400000    0    
40    1.400000    0    
41    1.400000    0    
42    1.400000    0    
43    1.400000    0    
44    1.400000    0    
45    1.400000    0    
46    1.400000    0    
47    1.400000    0    
48    1.400000    0    
49    1.400000    0    
50    1.400000    0    
51    1.400000    0    
52    1.400000    0    
53    1.400000    0    
54    1.400000    0    
55    1.400000    0    
#PIXEL  #BOARD  #CHANNEL  #MACROCELL L1  #ALL MACROCELLS  #ATTENUATION
582        1        25        1        1,0,0        13.230659
354        2        24        3        3,0,0        11.142769
570        3        19        7        7,0,0        11.592659
363        4        18        9        6,9,0        10.892372
189        5        15        12        5,12,0        8.475939
183        6        4        15        10,15,0        9.203905
345        7        5        18        13,18,0        10.415794
406        7        20        31        26,31,0        12.803823
438        7        32        23        17,23,0        11.279646
12        9        11        28        16,28,0        10.538177
111        9        4        27        20,27,0        11.648611
97        10        11        30        21,30,0        10.692165
252        12        9        36        29,36,0        9.670956
55        13        16        42        33,42,0        11.984512
61        14        1        45        34,45,0        10.498413
220        14        30        47        38,47,0        11.734388
316        15        25        49        40,49,0        9.453756
163        16        20        53        44,53,0        9.179541
328        17        19        55        48,55,0        7.920162
#Delay 0.010000    0    0    0    0    0    0    0    0    0    0    0    0    0    0    0    0    0    0    0    0    0    0    0    0    0    0    0    0    0    0    0    0    0    0    0    0    0    0    0    0    0    0    0    0    0    0    0    0    0    0    0    0    0    0    0    
#Delay 0.260000    0    0    0    0    0    0    0    0    0    0    0    0    0    0    0    0    0    0    0    0    0    0    0    0    0    0    0    0    0    0    0    0    0    0    0    0    0    0    0    0    0    0    0    0    0    0    0    0    0    0    0    0    0    0    0    
#Delay 0.510000    0    0    0    0    0    0    0    0    0    0    0    0    0    0    0    0    0    0    0    0    0    0    0    0    0    0    0    0    0    0    0    0    0    0    0    0    0    0    0    0    0    0    0    0    0    0    0    0    0    0    0    0    0    0    0    
#Delay 0.760000    0    0    0    0    0    0    0    0    0    0    0    0    0    0    0    0    0    0    0    0    0    0    0    0    0    0    0    0    0    0    0    0    0    0    0    0    0    0    0    0    0    0    0    0    0    0    0    0    0    0    0    0    0    0    0    
#Delay 1.010000    0    0    0    0    0    0    0    0    0    0    0    0    0    0    0    0    0    0    0    0    0    0    0    0    0    0    0    0    0    0    0    0    0    0    0    0    0    0    0    0    0    0    0    0    0    0    0    0    0    0    0    0    0    0    0    
#Delay 1.260000    0    0    0    0    0    0    0    0    0    0    0    0    0    0    0    0    0    0    0    0    0    0    0    0    0    0    0    0    0    0    0    0    0    0    0    0    0    0    0    0    0    0    0    0    0    0    0    0    0    0    0    0    0    0    0    
#Delay 1.510000    0    0    0    0    0    0    0    0    0    0    0    0    0    0    0    0    0    0    0    0    0    0    0    0    0    0    0    0    0    0    0    0    0    0    0    0    0    0    0    0    0    0    0    0    0    0    0    0    0    0    0    0    0    0    0    
#Delay 1.760000    0    0    0    0    0    0    0    0    0    0    0    0    0    0    0    0    0    0    0    0    0    0    0    0    0    0    0    0    0    0    0    0    0    0    0    0    0    0    0    0    0    0    0    0    0    0    0    0    0    0    0    0    0    0    0    
#Delay 2.010000    0    0    0    0    0    0    0    0    0    0    0    0    0    0    0    0    0    0    0    0    0    0    0    0    0    0    0    0    0    0    0    0    0    0    0    0    0    0    0    0    0    0    0    0    0    0    0    0    0    0    0    0    0    0    0    
#Delay 2.260000    0    0    0    0    0    0    0    0    0    0    0    0    0    0    0    0    0    0    0    0    0    0    0    0    0    0    0    0    0    0    0    0    0    0    0    0    0    0    0    0    0    0    0    0    0    0    0    0    0    0    0    0    0    0    0    
#Delay 2.510000    0    0    0    0    0    0    0    0    0    0    0    0    0    0    0    0    0    0    0    0    0    0    0    0    0    0    0    0    0    0    0    0    0    0    0    0    0    0    0    0    0    0    0    0    0    0    0    0    0    0    0    0    0    0    0    
#Delay 2.760000    0    0    0    0    0    0    0    0    0    0    0    0    0    0    0    0    0    0    0    0    0    0    0    0    0    0    0    0    0    0    0    0    0    0    0    0    0    0    0    0    0    0    0    0    0    0    0    0    0    0    0    0    0    0    0    
#Delay 3.010000    0    0    0    0    0    0    0    0    0    0    0    0    0    0    0    0    0    0    0    0    0    0    0    0    0    0    0    0    0    0    0    0    0    0    0    0    0    0    0    0    0    0    0    0    0    0    0    0    0    0    0    0    0    0    0    
#Delay 3.260000    0    0    0    0    0    0    0    0    0    0    0    0    0    0    0    0    0    0    0    0    0    0    0    0    0    0    0    0    0    0    0    0    0    0    0    0    0    0    0    0    0    0    0    0    0    0    0    0    0    0    0    0    0    0    0    
#Delay 3.510000    0    0    0    0    0    0    0    0    0    0    0    0    0    0    0    0    0    0    0    0    0    0    0    0    0    0    0    0    0    0    0    0    0    0    0    0    0    0    0    0    0    0    0    0    0    0    0    0    0    0    0    0    0    0    0    
#Delay 3.760000    0    0    0    0    0    0    0    0    0    0    0    0    0    0    0    0    0    0    0    0    0    0    0    0    0    0    0    0    0    0    0    0    0    0    0    0    0    0    0    0    0    0    0    0    0    0    0    0    0    0    0    0    0    0    0    
#Delay 4.010000    0    0    0    0    0    0    0    0    0    0    0    0    0    0    0    0    0    0    0    0    0    0    0    0    0    0    0    0    0    0    0    0    0    0    0    0    0    0    0    0    0    0    0    0    0    0    0    0    0    0    0    0    0    0    0    
#Delay 4.260000    0    0    0    0    0    0    0    0    0    0    0    0    0    0    0    0    0    0    0    0    0    0    0    0    0    0    0    0    0    0    0    0    0    0    0    0    0    0    0    0    0    0    0    0    0    0    0    0    0    0    0    0    0    0    0    
#Delay 4.510000    0    0    0    0    0    0    0    0    0    0    0    0    0    0    0    0    0    0    0    0    0    0    0    0    0    0    0    0    0    0    0    0    0    0    0    0    0    0    0    0    0    0    0    0    0    0    0    0    0    0    0    0    0    0    0    
#Delay 4.760000    0    0    0    0    0    0    0    0    0    0    0    0    0    0    0    0    0    0    0    0    0    0    0    0    0    0    0    0    0    0    0    0    0    0    0    0    0    0    0    0    0    0    0    0    0    0    0    0    0    0    0    0    0    0    0    
#Delay 5.010000    0    0    0    0    0    0    0    0    0    0    0    0    0    0    0    0    0    0    0    0    0    0    0    0    0    0    0    0    0    0    0    0    0    0    0    0    0    0    0    0    0    0    0    0    0    0    0    0    0    0    0    0    0    0    0    
#Delay 5.260000    0    0    0    0    0    0    0    0    0    0    0    0    0    0    0    0    0    0    0    0    0    0    0    0    0    0    0    0    0    0    0    0    0    0    0    0    0    0    0    0    0    0    0    0    0    0    0    0    0    0    0    0    0    0    0    
#Delay 5.510000    0    0    0    0    0    0    0    0    0    0    0    0    0    0    0    0    0    0    0    0    0    0    0    0    0    0    0    0    0    0    0    0    0    0    0    0    0    0    0    0    0    0    0    0    0    0    0    0    0    0    0    0    0    0    0    
#Delay 5.760000    0    0    0    0    0    0    0    0    0    0    0    0    0    0    0    0    0    0    0    0    0    0    0    0    0    0    0    0    0    0    0    0    0    0    0    0    0    0    0    0    0    0    0    0    0    0    0    0    0    0    0    0    0    0    0    
#Delay 6.010000    0    0    0    0    0    0    0    0    0    0    0    0    0    0    0    0    0    0    0    0    0    0    0    0    0    0    0    0    0    0    0    0    0    0    0    0    0    0    0    0    0    0    0    0    0    0    0    0    0    0    0    0    0    0    0    
#Delay 6.260000    0    0    0    0    0    0    0    0    0    0    0    0    0    0    0    0    0    0    0    0    0    0    0    0    0    0    0    0    0    0    0    0    0    0    0    0    0    0    0    0    0    0    0    0    0    0    0    0    0    0    0    0    0    0    0    
#Delay 6.510000    0    0    0    0    0    0    0    0    0    0    0    0    0    0    0    0    0    0    0    0    0    0    0    0    0    0    0    0    0    0    0    0    0    0    0    0    0    0    0    0    0    0    0    0    0    0    0    0    0    0    0    0    0    0    0    
#Delay 6.760000    0    0    0    0    0    0    0    0    0    0    0    0    0    0    0    0    0    0    0    0    0    0    0    0    0    0    0    0    0    0    0    0    0    0    0    0    0    0    0    0    0    0    0    0    0    0    0    0    0    0    0    0    0    0    0    
#Delay 0.010000    0    0    0    0    0    0    0    0    0    0    0    0    0    0    0    0    0    0    0    0    0    0    0    0    0    0    0    0    0    0    0    0    0    0    0    0    0    0    0    0    0    0    0    0    0    0    0    0    0    0    0    0    0    0    0    
#Macrocel    #Delay[s]    #Rate[Hz]
1    0.000000    0    
2    0.000000    0    
3    0.000000    0    
4    0.000000    0    
5    0.000000    0    
6    0.000000    0    
7    0.000000    0    
8    0.000000    0    
9    0.000000    0    
10    0.000000    0    
11    0.000000    0    
12    0.000000    0    
13    0.000000    0    
14    0.000000    0    
15    0.000000    0    
16    0.000000    0    
17    0.000000    0    
18    0.000000    0    
19    0.000000    0    
20    0.000000    0    
21    0.000000    0    
22    0.000000    0    
23    0.000000    0    
24    0.000000    0    
25    0.000000    0    
26    0.000000    0    
27    0.000000    0    
28    0.000000    0    
29    0.000000    0    
30    0.000000    0    
31    0.000000    0    
32    0.000000    0    
33    0.000000    0    
34    0.000000    0    
35    0.000000    0    
36    0.000000    0    
37    0.000000    0    
38    0.000000    0    
39    0.000000    0    
40    0.000000    0    
41    0.000000    0    
42    0.000000    0    
43    0.000000    0    
44    0.000000    0    
45    0.000000    0    
46    0.000000    0    
47    0.000000    0    
48    0.000000    0    
49    0.000000    0    
50    0.000000    0    
51    0.000000    0    
52    0.000000    0    
53    0.000000    0    
54    0.000000    0    
55    0.000000    0    
#Macrocel    #Delay[s]    #Rate[Hz]
1    0.100000    0    
2    0.100000    0    
3    0.100000    0    
4    0.100000    0    
5    0.100000    0    
6    0.100000    0    
7    0.100000    0    
8    0.100000    0    
9    0.100000    0    
10    0.100000    0    
11    0.100000    0    
12    0.100000    0    
13    0.100000    0    
14    0.100000    0    
15    0.100000    0    
16    0.100000    0    
17    0.100000    0    
18    0.100000    0    
19    0.100000    0    
20    0.100000    0    
21    0.100000    0    
22    0.100000    0    
23    0.100000    0    
24    0.100000    0    
25    0.100000    0    
26    0.100000    0    
27    0.100000    0    
28    0.100000    0    
29    0.100000    0    
30    0.100000    0    
31    0.100000    0    
32    0.100000    0    
33    0.100000    0    
34    0.100000    0    
35    0.100000    0    
36    0.100000    0    
37    0.100000    0    
38    0.100000    0    
39    0.100000    0    
40    0.100000    0    
41    0.100000    0    
42    0.100000    0    
43    0.100000    0    
44    0.100000    0    
45    0.100000    0    
46    0.100000    0    
47    0.100000    0    
48    0.100000    0    
49    0.100000    0    
50    0.100000    0    
51    0.100000    0    
52    0.100000    0    
53    0.100000    0    
54    0.100000    0    
55    0.100000    0    
#Macrocel    #Delay[s]    #Rate[Hz]
1    0.200000    0    
2    0.200000    0    
3    0.200000    0    
4    0.200000    0    
5    0.200000    0    
6    0.200000    0    
7    0.200000    0    
8    0.200000    0    
9    0.200000    0    
10    0.200000    0    
11    0.200000    0    
12    0.200000    0    
13    0.200000    0    
14    0.200000    0    
15    0.200000    0    
16    0.200000    0    
17    0.200000    0    
18    0.200000    0    
19    0.200000    0    
20    0.200000    0    
21    0.200000    0    
22    0.200000    0    
23    0.200000    0    
24    0.200000    0    
25    0.200000    0    
26    0.200000    0    
27    0.200000    0    
28    0.200000    0    
29    0.200000    0    
30    0.200000    0    
31    0.200000    0    
32    0.200000    0    
33    0.200000    0    
34    0.200000    0    
35    0.200000    0    
36    0.200000    0    
37    0.200000    0    
38    0.200000    0    
39    0.200000    0    
40    0.200000    0    
41    0.200000    0    
42    0.200000    0    
43    0.200000    0    
44    0.200000    0    
45    0.200000    0    
46    0.200000    0    
47    0.200000    0    
48    0.200000    0    
49    0.200000    0    
50    0.200000    0    
51    0.200000    0    
52    0.200000    0    
53    0.200000    0    
54    0.200000    0    
55    0.200000    0    
#Macrocel    #Delay[s]    #Rate[Hz]
1    0.300000    0    
2    0.300000    0    
3    0.300000    0    
4    0.300000    0    
5    0.300000    0    
6    0.300000    0    
7    0.300000    0    
8    0.300000    0    
9    0.300000    0    
10    0.300000    0    
11    0.300000    0    
12    0.300000    0    
13    0.300000    0    
14    0.300000    0    
15    0.300000    0    
16    0.300000    0    
17    0.300000    0    
18    0.300000    0    
19    0.300000    0    
20    0.300000    0    
21    0.300000    0    
22    0.300000    0    
23    0.300000    0    
24    0.300000    0    
25    0.300000    0    
26    0.300000    0    
27    0.300000    0    
28    0.300000    0    
29    0.300000    0    
30    0.300000    0    
31    0.300000    0    
32    0.300000    0    
33    0.300000    0    
34    0.300000    0    
35    0.300000    0    
36    0.300000    0    
37    0.300000    0    
38    0.300000    0    
39    0.300000    0    
40    0.300000    0    
41    0.300000    0    
42    0.300000    0    
43    0.300000    0    
44    0.300000    0    
45    0.300000    0    
46    0.300000    0    
47    0.300000    0    
48    0.300000    0    
49    0.300000    0    
50    0.300000    0    
51    0.300000    0    
52    0.300000    0    
53    0.300000    0    
54    0.300000    0    
55    0.300000    0    
#Macrocel    #Delay[s]    #Rate[Hz]
1    0.400000    0    
2    0.400000    0    
3    0.400000    0    
4    0.400000    0    
5    0.400000    0    
6    0.400000    0    
7    0.400000    0    
8    0.400000    0    
9    0.400000    0    
10    0.400000    0    
11    0.400000    0    
12    0.400000    0    
13    0.400000    0    
14    0.400000    0    
15    0.400000    0    
16    0.400000    0    
17    0.400000    0    
18    0.400000    0    
19    0.400000    0    
20    0.400000    0    
21    0.400000    0    
22    0.400000    0    
23    0.400000    0    
24    0.400000    0    
25    0.400000    0    
26    0.400000    0    
27    0.400000    0    
28    0.400000    0    
29    0.400000    0    
30    0.400000    0    
31    0.400000    0    
32    0.400000    0    
33    0.400000    0    
34    0.400000    0    
35    0.400000    0    
36    0.400000    0    
37    0.400000    0    
38    0.400000    0    
39    0.400000    0    
40    0.400000    0    
41    0.400000    0    
42    0.400000    0    
43    0.400000    0    
44    0.400000    0    
45    0.400000    0    
46    0.400000    0    
47    0.400000    0    
48    0.400000    0    
49    0.400000    0    
50    0.400000    0    
51    0.400000    0    
52    0.400000    0    
53    0.400000    0    
54    0.400000    0    
55    0.400000    0    
#Macrocel    #Delay[s]    #Rate[Hz]
1    0.500000    0    
2    0.500000    0    
3    0.500000    0    
4    0.500000    0    
5    0.500000    0    
6    0.500000    0    
7    0.500000    0    
8    0.500000    0    
9    0.500000    0    
10    0.500000    0    
11    0.500000    0    
12    0.500000    0    
13    0.500000    0    
14    0.500000    0    
15    0.500000    0    
16    0.500000    0    
17    0.500000    0    
18    0.500000    0    
19    0.500000    0    
20    0.500000    0    
21    0.500000    0    
22    0.500000    0    
23    0.500000    0    
24    0.500000    0    
25    0.500000    0    
26    0.500000    0    
27    0.500000    0    
28    0.500000    0    
29    0.500000    0    
30    0.500000    0    
31    0.500000    0    
32    0.500000    0    
33    0.500000    0    
34    0.500000    0    
35    0.500000    0    
36    0.500000    0    
37    0.500000    0    
38    0.500000    0    
39    0.500000    0    
40    0.500000    0    
41    0.500000    0    
42    0.500000    0    
43    0.500000    0    
44    0.500000    0    
45    0.500000    0    
46    0.500000    0    
47    0.500000    0    
48    0.500000    0    
49    0.500000    0    
50    0.500000    0    
51    0.500000    0    
52    0.500000    0    
53    0.500000    0    
54    0.500000    0    
55    0.500000    0    
#Macrocel    #Delay[s]    #Rate[Hz]
1    0.600000    0    
2    0.600000    0    
3    0.600000    0    
4    0.600000    0    
5    0.600000    0    
6    0.600000    0    
7    0.600000    0    
8    0.600000    0    
9    0.600000    0    
10    0.600000    0    
11    0.600000    0    
12    0.600000    0    
13    0.600000    0    
14    0.600000    0    
15    0.600000    0    
16    0.600000    0    
17    0.600000    0    
18    0.600000    0    
19    0.600000    0    
20    0.600000    0    
21    0.600000    0    
22    0.600000    0    
23    0.600000    0    
24    0.600000    0    
25    0.600000    0    
26    0.600000    0    
27    0.600000    0    
28    0.600000    0    
29    0.600000    0    
30    0.600000    0    
31    0.600000    0    
32    0.600000    0    
33    0.600000    0    
34    0.600000    0    
35    0.600000    0    
36    0.600000    0    
37    0.600000    0    
38    0.600000    0    
39    0.600000    0    
40    0.600000    0    
41    0.600000    0    
42    0.600000    0    
43    0.600000    0    
44    0.600000    0    
45    0.600000    0    
46    0.600000    0    
47    0.600000    0    
48    0.600000    0    
49    0.600000    0    
50    0.600000    0    
51    0.600000    0    
52    0.600000    0    
53    0.600000    0    
54    0.600000    0    
55    0.600000    0    
