#PIXEL  #BOARD  #CHANNEL  #MACROCELL L3  #ALL MACROCELLS  #ATTENUATION
431        1        17        6        6,0,0        14.292800
239        2        3        5        5,0,0        11.404200
437        4        10        17        17,0,0        11.694300
26        5        17        16        16,0,0        10.648000
98        6        17        21        21,0,0        11.504800
233        6        5        10        10,0,0        11.470900
407        7        21        26        26,0,0        11.629400
413        7        6        13        13,0,0        12.098700
20        9        28        34        34,0,0        12.259100
110        9        8        20        20,0,0        12.037000
32        10        8        33        33,0,0        13.118700
257        11        28        40        40,0,0        12.381200
251        12        8        29        29,0,0        12.422900
122        13        4        44        44,0,0        12.749400
221        14        27        38        38,0,0        12.080000
269        14        15        48        48,0,0        13.145400
455        17        13        52        52,0,0        11.159700
461        17        25        54        54,0,0        11.124400
#Delay 0.010000    0    0    0    0    25    24    0    0    0    25    0    0    25    0    0    25    25    0    0    25    25    0    0    0    0    25    0    0    25    0    0    0    25    25    0    0    0    25    0    25    0    0    0    25    0    0    0    25    0    0    0    25    0    25    0    
#Delay 0.210000    0    0    0    0    25    23    0    0    0    25    0    0    25    0    0    25    25    0    0    25    25    0    0    0    0    25    0    0    25    0    0    0    25    25    0    0    0    25    0    25    0    0    0    25    0    0    0    25    0    0    0    25    0    25    0    
#Delay 0.410000    0    0    0    0    24    24    0    0    0    24    0    0    24    0    0    24    24    0    0    24    24    0    0    0    0    24    0    0    24    0    0    0    24    24    0    0    0    24    0    24    0    0    0    24    0    0    0    24    0    0    0    24    0    24    0    
#Delay 0.610000    0    0    0    0    25    25    0    0    0    25    0    0    25    0    0    25    25    0    0    25    25    0    0    0    0    25    0    0    25    0    0    0    25    25    0    0    0    25    0    25    0    0    0    25    0    0    0    25    0    0    0    25    0    25    0    
#Delay 0.810000    0    0    0    0    25    25    0    0    0    25    0    0    25    0    0    25    25    0    0    25    25    0    0    0    0    25    0    0    25    0    0    0    25    25    0    0    0    25    0    25    0    0    0    25    0    0    0    25    0    0    0    25    0    25    0    
#Delay 1.010000    0    0    0    0    26    25    0    0    0    26    0    0    26    0    0    26    26    0    0    26    26    0    0    0    0    26    0    0    26    0    0    0    26    26    0    0    0    26    0    26    0    0    0    26    0    0    0    26    0    0    0    26    0    26    0    
#Delay 1.210000    0    0    0    0    25    25    0    0    0    25    0    0    25    0    0    25    25    0    0    25    25    0    0    0    0    25    0    0    25    0    0    0    25    25    0    0    0    25    0    25    0    0    0    25    0    0    0    25    0    0    0    25    0    25    0    
#Delay 1.410000    0    0    0    0    25    25    0    0    0    25    0    0    25    0    0    25    25    0    0    25    25    0    0    0    0    25    0    0    25    0    0    0    25    25    0    0    0    25    0    25    0    0    0    25    0    0    0    25    0    0    0    25    0    25    0    
#Delay 1.610000    0    0    0    0    25    25    0    0    0    25    0    0    25    0    0    25    25    0    0    25    25    0    0    0    0    25    0    0    25    0    0    0    25    25    0    0    0    25    0    25    0    0    0    25    0    0    0    25    0    0    0    25    0    25    0    
#Delay 1.810000    0    0    0    0    25    25    0    0    0    25    0    0    24    0    0    25    25    0    0    25    25    0    0    0    0    24    0    0    25    0    0    0    25    25    0    0    0    25    0    23    0    0    0    25    0    0    0    25    0    0    0    25    0    25    0    
#Delay 2.010000    0    0    0    0    25    24    0    0    0    25    0    0    25    0    0    25    24    0    0    25    25    0    0    0    0    24    0    0    25    0    0    0    25    25    0    0    0    25    0    18    0    0    0    25    0    0    0    25    0    0    0    25    0    25    0    
#Delay 2.210000    0    0    0    0    26    23    0    0    0    25    0    0    25    0    0    25    25    0    0    25    25    0    0    0    0    20    0    0    26    0    0    0    26    26    0    0    0    26    0    11    0    0    0    26    0    0    0    26    0    0    0    26    0    26    0    
#Delay 2.410000    0    0    0    0    25    15    0    0    0    25    0    0    25    0    0    25    18    0    0    25    25    0    0    0    0    17    0    0    25    0    0    0    25    25    0    0    0    25    0    6    0    0    0    25    0    0    0    25    0    0    0    25    0    25    0    
#Delay 2.610000    0    0    0    0    25    13    0    0    0    25    0    0    25    0    0    25    10    0    0    25    25    0    0    0    0    6    0    0    25    0    0    0    25    24    0    0    0    25    0    1    0    0    0    25    0    0    0    25    0    0    0    23    0    24    0    
#Delay 2.810000    0    0    0    0    25    5    0    0    0    25    0    0    24    0    0    25    5    0    0    25    25    0    0    0    0    3    0    0    25    0    0    0    25    25    0    0    0    25    0    0    0    0    0    25    0    0    0    25    0    0    0    21    0    20    0    
#Delay 3.010000    0    0    0    0    25    2    0    0    0    25    0    0    21    0    0    25    1    0    0    25    25    0    0    0    0    2    0    0    25    0    0    0    25    21    0    0    0    25    0    0    0    0    0    25    0    0    0    25    0    0    0    23    0    18    0    
#Delay 3.210000    0    0    0    0    25    0    0    0    0    25    0    0    18    0    0    25    0    0    0    23    25    0    0    0    0    0    0    0    25    0    0    0    23    14    0    0    0    24    0    0    0    0    0    22    0    0    0    25    0    0    0    6    0    6    0    
#Delay 3.410000    0    0    0    0    25    0    0    0    0    25    0    0    17    0    0    25    0    0    0    14    24    0    0    0    0    0    0    0    24    0    0    0    23    8    0    0    0    25    0    0    0    0    0    22    0    0    0    25    0    0    0    6    0    1    0    
#Delay 3.610000    0    0    0    0    25    0    0    0    0    25    0    0    5    0    0    19    0    0    0    9    23    0    0    0    0    0    0    0    14    0    0    0    16    3    0    0    0    20    0    0    0    0    0    12    0    0    0    25    0    0    0    4    0    0    0    
#Delay 3.810000    0    0    0    0    25    0    0    0    0    25    0    0    0    0    0    17    0    0    0    7    19    0    0    0    0    0    0    0    8    0    0    0    11    0    0    0    0    13    0    0    0    0    0    9    0    0    0    18    0    0    0    1    0    0    0    
#Delay 4.010000    0    0    0    0    25    0    0    0    0    25    0    0    0    0    0    10    0    0    0    2    11    0    0    0    0    0    0    0    1    0    0    0    5    0    0    0    0    12    0    0    0    0    0    4    0    0    0    12    0    0    0    0    0    0    0    
#Delay 4.210001    0    0    0    0    25    0    0    0    0    25    0    0    0    0    0    2    0    0    0    0    6    0    0    0    0    0    0    0    0    0    0    0    1    0    0    0    0    4    0    0    0    0    0    0    0    0    0    7    0    0    0    0    0    0    0    
#Delay 4.410000    0    0    0    0    23    0    0    0    0    24    0    0    0    0    0    3    0    0    0    0    2    0    0    0    0    0    0    0    0    0    0    0    0    0    0    0    0    1    0    0    0    0    0    0    0    0    0    3    0    0    0    0    0    0    0    
#Delay 4.610000    0    0    0    0    18    0    0    0    0    25    0    0    0    0    0    1    0    0    0    0    0    0    0    0    0    0    0    0    0    0    0    0    0    0    0    0    0    0    0    0    0    0    0    0    0    0    0    1    0    0    0    0    0    0    0    
#Delay 4.810000    0    0    0    0    13    0    0    0    0    25    0    0    0    0    0    0    0    0    0    0    0    0    0    0    0    0    0    0    0    0    0    0    0    0    0    0    0    0    0    0    0    0    0    0    0    0    0    0    0    0    0    0    0    0    0    
#Delay 5.010000    0    0    0    0    1    0    0    0    0    25    0    0    0    0    0    0    0    0    0    0    0    0    0    0    0    0    0    0    0    0    0    0    0    0    0    0    0    0    0    0    0    0    0    0    0    0    0    0    0    0    0    0    0    0    0    
#Delay 5.210001    0    0    0    0    0    0    0    0    0    23    0    0    0    0    0    0    0    0    0    0    0    0    0    0    0    0    0    0    0    0    0    0    0    0    0    0    0    0    0    0    0    0    0    0    0    0    0    0    0    0    0    0    0    0    0    
#Delay 5.410000    0    0    0    0    0    0    0    0    0    22    0    0    0    0    0    0    0    0    0    0    0    0    0    0    0    0    0    0    0    0    0    0    0    0    0    0    0    0    0    0    0    0    0    0    0    0    0    0    0    0    0    0    0    0    0    
#Delay 5.610000    0    0    0    0    1    0    0    0    0    15    0    0    0    0    0    0    0    0    0    0    0    0    0    0    0    0    0    0    0    0    0    0    0    0    0    0    0    0    0    0    0    0    0    0    0    0    0    0    0    0    0    0    0    0    0    
#Delay 5.810000    0    0    0    0    0    0    0    0    0    6    0    0    0    0    0    0    0    0    0    0    0    0    0    0    0    0    0    0    0    0    0    0    0    0    0    0    0    0    0    0    0    0    0    0    0    0    0    0    0    0    0    0    0    0    0    
#Delay 6.010000    0    0    0    0    0    0    0    0    0    1    0    0    0    0    0    0    0    0    0    0    0    0    0    0    0    0    0    0    0    0    0    0    0    0    0    0    0    0    0    0    0    0    0    0    0    0    0    0    0    0    0    0    0    0    0    
#Delay 6.210001    0    0    0    0    0    0    0    0    0    0    0    0    0    0    0    0    0    0    0    0    0    0    0    0    0    0    0    0    0    0    0    0    0    0    0    0    0    0    0    0    0    0    0    0    0    0    0    0    0    0    0    0    0    0    0    
#Delay 6.410000    0    0    0    0    0    0    0    0    0    0    0    0    0    0    0    0    0    0    0    0    0    0    0    0    0    0    0    0    0    0    0    0    0    0    0    0    0    0    0    0    0    0    0    0    0    0    0    0    0    0    0    0    0    0    0    
#Delay 6.610000    0    0    0    0    0    0    0    0    0    0    0    0    0    0    0    0    0    0    0    0    0    0    0    0    0    0    0    0    0    0    0    0    0    0    0    0    0    0    0    0    0    0    0    0    0    0    0    0    0    0    0    0    0    0    0    
#Delay 6.810000    0    0    0    0    0    0    0    0    0    0    0    0    0    0    0    0    0    0    0    0    0    0    0    0    0    0    0    0    0    0    0    0    0    0    0    0    0    0    0    0    0    0    0    0    0    0    0    0    0    0    0    0    0    0    0    
#PIXEL  #BOARD  #CHANNEL  #MACROCELL L3  #ALL MACROCELLS  #ATTENUATION
585        1        28        6        6,0,0        15.145800
351        2        21        10        4,10,0        11.647200
357        2        12        5        2,5,0        11.944500
567        3        16        13        13,0,0        12.927800
435        4        21        17        17,0,0        11.519800
72        5        19        16        11,16,0        12.048200
192        5        1        20        8,20,0        11.155400
180        6        19        21        14,21,0        11.837100
409        7        23        26        26,0,0        11.539900
22        9        14        34        22,34,0        11.831500
30        9        29        33        24,33,0        10.314300
249        9        7        29        19,29,0        11.918700
223        10        26        38        25,38,0        11.836000
157        11        26        40        35,40,0        11.616100
58        13        2        44        37,44,0        11.697600
169        14        4        48        39,48,0        12.602100
325        16        23        54        50,54,0        11.473000
319        17        1        52        46,52,0        10.943700
#Delay 0.010000    0    25    0    25    25    23    0    25    0    25    25    0    25    25    0    25    25    0    25    25    25    25    0    25    25    25    0    0    25    0    0    0    25    25    25    0    25    25    25    25    0    0    0    25    0    25    0    25    0    25    0    25    0    25    0    
#Delay 0.210000    0    25    0    25    25    25    0    25    0    25    25    0    25    25    0    25    25    0    25    25    25    25    0    25    25    25    0    0    25    0    0    0    25    25    25    0    25    25    25    25    0    0    0    25    0    25    0    25    0    25    0    25    0    25    0    
#Delay 0.410000    0    23    0    23    23    22    0    23    0    23    23    0    23    23    0    23    23    0    23    23    23    23    0    23    23    23    0    0    23    0    0    0    23    23    23    0    23    23    23    23    0    0    0    23    0    23    0    23    0    23    0    23    0    23    0    
#Delay 0.610000    0    24    0    24    24    24    0    24    0    24    24    0    24    24    0    24    24    0    24    24    24    24    0    24    24    24    0    0    24    0    0    0    24    24    24    0    24    24    24    24    0    0    0    24    0    24    0    24    0    24    0    24    0    24    0    
#Delay 0.810000    0    25    0    25    25    21    0    25    0    25    25    0    25    25    0    25    25    0    25    25    25    25    0    25    25    25    0    0    25    0    0    0    25    25    25    0    25    25    25    25    0    0    0    25    0    25    0    25    0    25    0    25    0    25    0    
#Delay 1.010000    0    25    0    25    25    25    0    25    0    25    25    0    25    25    0    25    25    0    25    25    25    25    0    25    25    25    0    0    25    0    0    0    25    25    25    0    25    25    25    23    0    0    0    25    0    25    0    25    0    25    0    25    0    25    0    
#Delay 1.210000    0    25    0    25    25    25    0    25    0    25    25    0    25    25    0    25    25    0    25    25    25    25    0    25    25    25    0    0    25    0    0    0    25    25    25    0    25    25    25    23    0    0    0    25    0    25    0    25    0    25    0    25    0    25    0    
#Delay 1.410000    0    25    0    25    25    25    0    25    0    25    25    0    25    25    0    25    25    0    25    25    25    25    0    25    25    25    0    0    25    0    0    0    25    25    25    0    25    25    25    25    0    0    0    25    0    25    0    25    0    25    0    25    0    25    0    
#Delay 1.610000    0    25    0    25    23    23    0    25    0    25    25    0    25    25    0    25    25    0    25    25    25    25    0    25    25    25    0    0    25    0    0    0    25    25    23    0    25    25    25    9    0    0    0    25    0    25    0    25    0    25    0    25    0    24    0    
#Delay 1.810000    0    22    0    25    17    23    0    25    0    25    25    0    25    25    0    25    25    0    25    25    25    25    0    25    25    25    0    0    25    0    0    0    25    25    21    0    25    25    25    8    0    0    0    25    0    25    0    25    0    25    0    25    0    25    0    
#Delay 2.010000    0    18    0    25    14    19    0    25    0    25    25    0    25    25    0    25    25    0    25    25    25    25    0    25    25    25    0    0    25    0    0    0    25    25    15    0    25    25    25    4    0    0    0    25    0    25    0    25    0    25    0    25    0    25    0    
#Delay 2.210000    0    8    0    24    2    24    0    24    0    24    24    0    24    24    0    24    24    0    24    24    24    24    0    24    24    24    0    0    24    0    0    0    24    24    7    0    24    24    24    0    0    0    0    24    0    24    0    24    0    24    0    24    0    24    0    
#Delay 2.410000    0    5    0    25    3    25    0    25    0    25    25    0    25    25    0    25    25    0    25    25    25    25    0    25    25    25    0    0    25    0    0    0    25    25    6    0    25    25    25    0    0    0    0    25    0    25    0    25    0    25    0    25    0    25    0    
#Delay 2.610000    0    0    0    24    0    20    0    24    0    24    24    0    24    24    0    24    24    0    24    24    24    24    0    24    24    24    0    0    24    0    0    0    24    24    1    0    24    24    24    0    0    0    0    24    0    24    0    24    0    24    0    24    0    24    0    
#Delay 2.810000    0    1    0    25    0    20    0    25    0    25    25    0    25    25    0    25    25    0    25    25    25    25    0    25    25    25    0    0    25    0    0    0    25    25    1    0    25    25    24    0    0    0    0    25    0    25    0    24    0    25    0    25    0    25    0    
#Delay 3.010000    0    0    0    25    0    15    0    25    0    25    25    0    24    23    0    22    25    0    25    25    22    25    0    25    25    24    0    0    25    0    0    0    25    25    0    0    25    25    19    0    0    0    0    25    0    25    0    19    0    25    0    25    0    25    0    
#Delay 3.210000    0    0    0    25    0    8    0    25    0    25    25    0    22    20    0    23    25    0    24    25    18    25    0    25    25    21    0    0    25    0    0    0    25    25    0    0    25    25    22    0    0    0    0    25    0    24    0    20    0    25    0    20    0    25    0    
#Delay 3.410000    0    0    0    25    0    6    0    25    0    25    25    0    20    12    0    18    22    0    21    25    10    23    0    25    25    8    0    0    25    0    0    0    25    24    1    0    25    25    11    0    0    0    0    25    0    21    0    8    0    25    0    15    0    25    0    
#Delay 3.610000    0    0    0    25    0    1    0    21    0    25    21    0    14    5    0    15    20    0    21    25    4    20    0    25    24    7    0    0    25    0    0    0    25    22    0    0    18    25    2    0    0    0    0    18    0    15    0    2    0    25    0    8    0    25    0    
#Delay 3.810000    0    0    0    25    0    1    0    14    0    26    19    0    5    3    0    8    11    0    16    23    1    12    0    26    26    2    0    0    25    0    0    0    26    15    0    0    15    26    1    0    0    0    0    16    0    9    0    1    0    26    0    5    0    26    0    
#Delay 4.010000    0    0    0    23    0    0    0    8    0    23    13    0    3    0    0    1    4    0    12    23    0    7    0    25    20    0    0    0    24    0    0    0    25    12    0    0    11    21    1    0    0    0    0    12    0    1    0    0    0    25    0    0    0    25    0    
#Delay 4.210001    0    0    0    13    0    0    0    0    0    19    1    0    1    0    0    1    0    0    4    7    0    2    0    25    14    0    0    0    19    0    0    0    25    3    0    0    3    19    0    0    0    0    0    3    0    0    0    0    0    25    0    0    0    25    0    
#Delay 4.410000    0    0    0    11    0    0    0    1    0    18    1    0    0    0    0    0    1    0    0    1    0    0    0    25    10    0    0    0    17    0    0    0    25    1    0    0    1    17    0    0    0    0    0    1    0    0    0    0    0    22    0    0    0    25    0    
#Delay 4.610000    0    0    0    2    0    0    0    0    0    8    0    0    0    0    0    0    0    0    0    0    0    0    0    22    4    0    0    0    6    0    0    0    22    0    0    0    0    10    0    0    0    0    0    0    0    0    0    0    0    20    0    0    0    23    0    
#Delay 4.810000    0    0    0    1    0    0    0    0    0    4    0    0    0    0    0    0    0    0    0    0    0    0    0    15    0    0    0    0    3    0    0    0    17    0    0    0    0    4    0    0    0    0    0    0    0    0    0    0    0    17    0    0    0    21    0    
#Delay 5.010000    0    0    0    0    0    0    0    0    0    0    0    0    0    0    0    0    0    0    0    0    0    0    0    10    0    0    0    0    0    0    0    0    13    0    0    0    0    0    0    0    0    0    0    0    0    0    0    0    0    10    0    0    0    18    0    
#Delay 5.210001    0    0    0    0    0    0    0    0    0    0    0    0    0    0    0    0    0    0    0    0    0    0    0    6    0    0    0    0    0    0    0    0    6    0    0    0    0    0    0    0    0    0    0    0    0    0    0    0    0    0    0    0    0    6    0    
#Delay 5.410000    0    0    0    0    0    0    0    0    0    0    0    0    0    0    0    0    0    0    0    0    0    0    0    1    0    0    0    0    0    0    0    0    1    0    0    0    0    0    0    0    0    0    0    0    0    0    0    0    0    0    0    0    0    1    0    
#Delay 5.610000    0    0    0    0    0    0    0    0    0    0    0    0    0    0    0    0    0    0    0    0    0    0    0    0    0    0    0    0    0    0    0    0    0    0    0    0    0    0    0    0    0    0    0    0    0    0    0    0    0    0    0    0    0    1    0    
#Delay 5.810000    0    0    0    0    0    0    0    0    0    0    0    0    0    0    0    0    0    0    0    0    0    0    0    0    0    0    0    0    0    0    0    0    0    0    0    0    0    0    0    0    0    0    0    0    0    0    0    0    0    0    0    0    0    0    0    
#Delay 6.010000    0    0    0    0    0    0    0    0    0    0    0    0    0    0    0    0    0    0    0    0    0    0    0    0    0    0    0    0    0    0    0    0    0    0    0    0    0    0    0    0    0    0    0    0    0    0    0    0    0    0    0    0    0    0    0    
#Delay 6.210001    0    0    0    0    0    0    0    0    0    0    0    0    0    0    0    0    0    0    0    0    0    0    0    0    0    0    0    0    0    0    0    0    0    0    0    0    0    0    0    0    0    0    0    0    0    0    0    0    0    0    0    0    0    0    0    
#Delay 6.410000    0    0    0    0    0    0    0    0    0    0    0    0    0    0    0    0    0    0    0    0    0    0    0    0    0    0    0    0    0    0    0    0    0    0    0    0    0    0    0    0    0    0    0    0    0    0    0    0    0    0    0    0    0    0    0    
#Delay 6.610000    0    0    0    0    0    0    0    0    0    0    0    0    0    0    0    0    0    0    0    0    0    0    0    0    0    0    0    0    0    0    0    0    0    0    0    0    0    0    0    0    0    0    0    0    0    0    0    0    0    0    0    0    0    0    0    
#Delay 6.810000    0    0    0    0    0    0    0    0    0    0    0    0    0    0    0    0    0    0    0    0    0    0    0    0    0    0    0    0    0    0    0    0    0    0    0    0    0    0    0    0    0    0    0    0    0    0    0    0    0    0    0    0    0    0    0    
#PIXEL  #BOARD  #CHANNEL  #MACROCELL L3  #ALL MACROCELLS  #ATTENUATION
505        1        23        6        6,0,0        14.469400
289        2        17        10        4,10,0        11.008200
295        2        7        5        2,5,0        11.623700
487        3        10        13        13,0,0        11.440800
148        4        28        20        8,20,0        12.460400
436        4        16        17        17,0,0        11.653000
46        5        18        16        11,16,0        11.575200
136        6        18        21        14,21,0        10.758600
408        7        22        26        26,0,0        10.767800
21        9        20        34        22,34,0        12.184100
250        9        2        29        19,29,0        11.836800
31        10        3        33        24,33,0        12.016000
222        10        31        38        25,38,0        12.125700
204        11        27        40        35,40,0        12.441200
87        13        3        44        37,44,0        11.763600
216        14        9        48        39,48,0        11.467900
390        16        28        54        50,54,0        12.604300
384        17        5        52        46,52,0        11.455000
#Delay 0.010000    0    25    0    25    25    23    0    25    0    25    25    0    25    25    0    25    25    0    25    25    25    25    0    25    25    25    0    0    25    0    0    0    25    25    25    0    25    25    25    25    0    0    0    25    0    25    0    25    0    25    0    25    0    25    0    
#Delay 0.210000    0    25    0    25    25    24    0    25    0    25    25    0    25    25    0    25    25    0    25    25    25    25    0    25    25    25    0    0    25    0    0    0    25    25    25    0    25    25    25    25    0    0    0    25    0    25    0    25    0    25    0    25    0    25    0    
#Delay 0.410000    0    25    0    25    25    24    0    25    0    25    25    0    25    25    0    25    25    0    25    25    25    25    0    25    25    25    0    0    25    0    0    0    25    25    25    0    25    25    25    25    0    0    0    25    0    25    0    25    0    25    0    25    0    25    0    
#Delay 0.610000    0    25    0    25    25    24    0    25    0    25    25    0    25    25    0    25    25    0    25    25    25    25    0    25    25    25    0    0    25    0    0    0    25    25    25    0    25    25    25    25    0    0    0    25    0    25    0    25    0    25    0    25    0    25    0    
#Delay 0.810000    0    25    0    25    25    24    0    25    0    25    25    0    25    25    0    25    25    0    25    25    25    25    0    25    25    25    0    0    25    0    0    0    25    25    25    0    25    25    25    25    0    0    0    25    0    25    0    25    0    25    0    25    0    25    0    
#Delay 1.010000    0    25    0    25    25    24    0    25    0    25    25    0    25    25    0    25    25    0    25    25    25    25    0    25    25    25    0    0    25    0    0    0    25    25    25    0    25    25    25    25    0    0    0    25    0    25    0    25    0    25    0    25    0    25    0    
#Delay 1.210000    0    25    0    25    25    25    0    25    0    25    25    0    25    25    0    25    25    0    25    25    25    25    0    25    25    25    0    0    25    0    0    0    25    25    25    0    25    25    25    25    0    0    0    25    0    25    0    25    0    25    0    25    0    25    0    
#Delay 1.410000    0    25    0    25    25    24    0    25    0    25    25    0    25    25    0    25    25    0    25    25    25    25    0    25    25    25    0    0    25    0    0    0    25    25    25    0    25    25    25    25    0    0    0    25    0    25    0    25    0    24    0    23    0    24    0    
#Delay 1.610000    0    26    0    26    26    24    0    26    0    26    26    0    26    26    0    22    26    0    26    26    26    26    0    26    26    26    0    0    26    0    0    0    26    26    26    0    26    26    26    26    0    0    0    26    0    26    0    26    0    26    0    20    0    26    0    
#Delay 1.810000    0    25    0    25    25    24    0    25    0    25    25    0    25    25    0    15    24    0    25    25    25    22    0    25    25    25    0    0    25    0    0    0    25    22    25    0    25    25    25    25    0    0    0    25    0    24    0    25    0    20    0    20    0    21    0    
#Delay 2.010000    0    25    0    25    25    25    0    25    0    25    24    0    25    25    0    9    23    0    25    25    25    23    0    25    25    25    0    0    25    0    0    0    25    22    25    0    25    25    25    25    0    0    0    25    0    24    0    25    0    21    0    17    0    21    0    
#Delay 2.210000    0    25    0    25    25    24    0    25    0    25    21    0    25    24    0    7    18    0    25    25    24    12    0    25    25    25    0    0    25    0    0    0    25    12    25    0    25    25    25    22    0    0    0    25    0    18    0    25    0    14    0    4    0    19    0    
#Delay 2.410000    0    25    0    25    25    24    0    25    0    25    11    0    25    22    0    1    10    0    25    25    21    9    0    25    25    25    0    0    25    0    0    0    25    7    24    0    25    25    25    18    0    0    0    25    0    9    0    25    0    5    0    0    0    9    0    
#Delay 2.610000    0    25    0    25    25    24    0    25    0    25    9    0    25    21    0    0    2    0    25    25    14    4    0    25    25    25    0    0    25    0    0    0    25    1    23    0    25    25    25    12    0    0    0    25    0    3    0    25    0    2    0    0    0    5    0    
#Delay 2.810000    0    25    0    25    25    22    0    24    0    25    3    0    25    17    0    0    0    0    25    25    13    1    0    25    25    25    0    0    25    0    0    0    25    0    20    0    25    25    25    12    0    0    0    25    0    1    0    25    0    1    0    0    0    2    0    
#Delay 3.010000    0    25    0    25    25    13    0    21    0    25    1    0    24    6    0    0    0    0    23    23    3    0    0    25    25    25    0    0    25    0    0    0    25    0    20    0    25    25    24    5    0    0    0    25    0    0    0    24    0    0    0    0    0    0    0    
#Delay 3.210000    0    25    0    23    25    8    0    12    0    25    1    0    22    3    0    0    0    0    19    18    1    0    0    25    25    25    0    0    24    0    0    0    25    0    13    0    24    25    23    0    0    0    0    24    0    0    0    22    0    0    0    0    0    0    0    
#Delay 3.410000    0    24    0    20    24    2    0    5    0    21    0    0    12    1    0    0    0    0    16    11    1    0    0    24    24    24    0    0    24    0    0    0    24    0    7    0    23    24    22    0    0    0    0    22    0    0    0    15    0    0    0    0    0    0    0    
#Delay 3.610000    0    25    0    13    25    0    0    1    0    15    0    0    9    0    0    0    0    0    12    3    0    0    0    25    25    21    0    0    22    0    0    0    25    0    0    0    21    25    12    0    0    0    0    21    0    0    0    8    0    0    0    0    0    0    0    
#Delay 3.810000    0    25    0    10    25    1    0    1    0    11    0    0    5    0    0    0    0    0    5    2    0    0    0    25    25    9    0    0    15    0    0    0    25    0    0    0    17    25    9    0    0    0    0    13    0    0    0    6    0    0    0    0    0    0    0    
#Delay 4.010000    0    25    0    1    25    0    0    0    0    3    0    0    1    0    0    0    0    0    0    0    0    0    0    24    25    2    0    0    7    0    0    0    25    0    0    0    6    25    4    0    0    0    0    6    0    0    0    1    0    0    0    0    0    0    0    
#Delay 4.210001    0    25    0    0    25    0    0    0    0    0    0    0    0    0    0    0    0    0    0    0    0    0    0    24    25    1    0    0    4    0    0    0    24    0    0    0    4    25    1    0    0    0    0    3    0    0    0    0    0    0    0    0    0    0    0    
#Delay 4.410000    0    24    0    0    24    0    0    0    0    0    0    0    0    0    0    0    0    0    0    0    0    0    0    22    24    0    0    0    0    0    0    0    22    0    0    0    1    24    0    1    0    0    0    1    0    0    0    0    0    0    0    0    0    0    0    
#Delay 4.610000    0    25    0    0    24    0    0    0    0    0    0    0    0    0    0    0    0    0    0    0    0    0    0    19    25    0    0    0    0    0    0    0    19    0    0    0    0    25    0    0    0    0    0    0    0    0    0    0    0    0    0    0    0    0    0    
#Delay 4.810000    0    23    0    0    18    0    0    0    0    0    0    0    0    0    0    0    0    0    0    0    0    0    0    8    25    0    0    0    0    0    0    0    8    0    0    0    0    25    0    0    0    0    0    0    0    0    0    0    0    0    0    0    0    0    0    
#Delay 5.010000    0    23    0    0    20    0    0    0    0    0    0    0    0    0    0    0    0    0    0    0    0    0    0    4    25    0    0    0    0    0    0    0    4    0    0    0    0    25    0    0    0    0    0    0    0    0    0    0    0    0    0    0    0    0    0    
#Delay 5.210001    0    18    0    0    8    0    0    0    0    0    0    0    0    0    0    0    0    0    0    0    0    0    0    2    25    0    0    0    0    0    0    0    3    0    0    0    0    25    0    0    0    0    0    0    0    0    0    0    0    0    0    0    0    0    0    
#Delay 5.410000    0    4    0    0    1    0    0    0    0    0    0    0    0    0    0    0    0    0    0    0    0    0    0    0    24    0    0    0    0    0    0    0    0    0    0    0    0    25    0    0    0    0    0    0    0    0    0    0    0    0    0    0    0    0    0    
#Delay 5.610000    0    1    0    0    0    0    0    0    0    0    0    0    0    0    0    0    0    0    0    0    0    0    0    1    25    0    0    0    0    0    0    0    1    0    0    0    0    25    0    0    0    0    0    0    0    0    0    0    0    0    0    0    0    0    0    
#Delay 5.810000    0    1    0    0    1    0    0    0    0    0    0    0    0    0    0    0    0    0    0    0    0    0    0    0    21    0    0    0    0    0    0    0    0    0    0    0    0    23    0    0    0    0    0    0    0    0    0    0    0    0    0    0    0    0    0    
#Delay 6.010000    0    0    0    0    0    0    0    0    0    0    0    0    0    0    0    0    0    0    0    0    0    0    0    0    15    0    0    0    0    0    0    0    0    0    0    0    0    19    0    0    0    0    0    0    0    0    0    0    0    0    0    0    0    0    0    
#Delay 6.210001    0    0    0    0    0    0    0    0    0    0    0    0    0    0    0    0    0    0    0    0    0    0    0    0    7    0    0    0    0    0    0    0    0    0    0    0    0    9    0    0    0    0    0    0    0    0    0    0    0    0    0    0    0    0    0    
#Delay 6.410000    0    0    0    0    0    0    0    0    0    0    0    0    0    0    0    0    0    0    0    0    0    0    0    0    2    0    0    0    0    0    0    0    0    0    0    0    0    3    0    0    0    0    0    0    0    0    0    0    0    0    0    0    0    0    0    
#Delay 6.610000    0    0    0    0    0    0    0    0    0    0    0    0    0    0    0    0    0    0    0    0    0    0    0    0    0    0    0    0    0    0    0    0    0    0    1    0    0    0    0    0    0    0    0    0    0    0    0    0    0    0    0    0    0    0    0    
#Delay 6.810000    0    0    0    0    0    0    0    0    0    0    0    0    0    0    0    0    0    0    0    0    0    0    0    0    0    0    0    0    0    0    0    0    0    0    0    0    0    0    0    0    0    0    0    0    0    0    0    0    0    0    0    0    0    0    0    
#PIXEL  #BOARD  #CHANNEL  #MACROCELL L3  #ALL MACROCELLS  #ATTENUATION
188        2        2        5        5,11,0        7.255560
362        4        17        6        6,8,0        10.661100
368        4        4        17        17,19,0        11.953100
25        5        21        16        16,22,0        11.216600
134        6        21        21        21,25,0        11.631100
232        6        11        10        10,14,0        12.556500
412        7        12        13        13,0,0        11.472900
77        9        3        20        20,24,0        11.230900
38        10        21        34        34,39,0        10.759600
479        11        15        26        26,0,0        11.508900
200        12        2        29        29,35,0        11.077900
33        13        8        33        33,37,0        13.343700
258        13        32        40        40,46,0        12.849600
275        14        31        38        38,41,0        11.637300
329        15        11        48        48,51,0        11.081600
164        16        17        44        44,50,0        11.266600
456        17        14        52        52,0,0        11.310500
539        18        2        54        54,0,0        12.000000
#Delay 0.010000    0    0    0    0    25    25    0    25    0    25    25    0    25    25    0    25    25    0    25    25    25    25    0    25    25    25    0    0    25    0    0    0    25    25    25    0    25    25    25    25    25    0    0    25    0    25    0    25    0    25    25    25    0    25    0    
#Delay 0.210000    0    0    0    0    25    25    0    25    0    25    25    0    25    25    0    25    25    0    25    25    25    25    0    25    25    25    0    0    25    0    0    0    25    25    25    0    25    25    25    25    25    0    0    25    0    25    0    25    0    25    25    25    0    25    0    
#Delay 0.410000    0    0    0    0    25    25    0    25    0    25    25    0    25    25    0    25    25    0    25    25    25    25    0    25    25    25    0    0    25    0    0    0    25    25    25    0    25    25    25    25    25    0    0    25    0    25    0    25    0    25    25    25    0    25    0    
#Delay 0.610000    0    0    0    0    25    25    0    25    0    25    25    0    25    25    0    25    25    0    25    25    25    25    0    25    25    25    0    0    25    0    0    0    25    25    25    0    25    25    25    25    25    0    0    25    0    25    0    25    0    25    25    25    0    25    0    
#Delay 0.810000    0    0    0    0    25    25    0    25    0    25    25    0    25    25    0    25    25    0    25    25    25    25    0    25    25    25    0    0    25    0    0    0    25    25    25    0    25    25    25    25    25    0    0    25    0    25    0    25    0    25    25    25    0    25    0    
#Delay 1.010000    0    0    0    0    25    25    0    25    0    25    25    0    25    25    0    25    25    0    25    25    24    25    0    25    25    25    0    0    25    0    0    0    25    25    25    0    25    25    25    24    25    0    0    25    0    24    0    25    0    25    25    25    0    25    0    
#Delay 1.210000    0    0    0    0    25    25    0    25    0    25    25    0    25    25    0    25    25    0    25    25    25    25    0    25    25    25    0    0    25    0    0    0    25    25    25    0    25    25    25    21    25    0    0    25    0    25    0    25    0    25    25    25    0    25    0    
#Delay 1.410000    0    0    0    0    25    25    0    25    0    25    25    0    25    25    0    25    25    0    25    25    25    25    0    25    25    25    0    0    25    0    0    0    25    25    25    0    25    25    25    9    25    0    0    25    0    17    0    25    0    25    25    25    0    25    0    
#Delay 1.610000    0    0    0    0    25    25    0    25    0    25    25    0    25    25    0    25    25    0    25    25    24    25    0    25    25    25    0    0    25    0    0    0    25    25    25    0    25    25    25    8    25    0    0    25    0    16    0    25    0    25    25    25    0    25    0    
#Delay 1.810000    0    0    0    0    25    25    0    25    0    25    25    0    25    25    0    25    25    0    25    25    23    25    0    25    25    25    0    0    25    0    0    0    25    25    25    0    25    25    25    3    25    0    0    25    0    4    0    25    0    25    25    25    0    25    0    
#Delay 2.010000    0    0    0    0    26    26    0    26    0    26    26    0    25    26    0    26    26    0    26    26    20    26    0    26    22    26    0    0    25    0    0    0    26    26    25    0    26    26    26    1    26    0    0    26    0    3    0    26    0    26    26    26    0    26    0    
#Delay 2.210000    0    0    0    0    25    25    0    25    0    21    25    0    24    21    0    25    25    0    25    25    12    25    0    25    15    25    0    0    25    0    0    0    25    23    22    0    25    25    23    0    25    0    0    25    0    0    0    25    0    25    25    25    0    25    0    
#Delay 2.410000    0    0    0    0    25    25    0    25    0    20    25    0    21    20    0    23    25    0    25    25    13    25    0    25    14    25    0    0    24    0    0    0    25    23    19    0    25    25    23    0    25    0    0    25    0    0    0    25    0    25    25    25    0    25    0    
#Delay 2.610000    0    0    0    0    25    25    0    25    0    19    25    0    13    20    0    21    25    0    24    25    3    24    0    25    5    25    0    0    20    0    0    0    25    16    16    0    25    25    17    0    25    0    0    25    0    0    0    25    0    25    25    25    0    25    0    
#Delay 2.810000    0    0    0    0    25    24    0    23    0    10    25    0    6    10    0    20    25    0    25    25    0    21    0    25    1    25    0    0    18    0    0    0    25    10    11    0    25    25    13    0    25    0    0    25    0    0    0    25    0    25    25    25    0    25    0    
#Delay 3.010000    0    0    0    0    25    21    0    18    0    3    25    0    1    4    0    11    25    0    24    25    0    15    0    25    0    25    0    0    9    0    0    0    25    6    2    0    25    25    8    0    23    0    0    24    0    0    0    25    0    23    25    25    0    25    0    
#Delay 3.210000    0    0    0    0    24    13    0    12    0    1    25    0    0    3    0    3    25    0    18    25    0    5    0    25    0    24    0    0    3    0    0    0    25    2    0    0    25    25    3    0    22    0    0    25    0    0    0    25    0    24    25    25    0    25    0    
#Delay 3.410000    0    0    0    0    24    8    0    7    0    0    24    0    0    0    0    2    24    0    11    25    0    4    0    25    0    24    0    0    4    0    0    0    25    0    0    0    25    23    0    0    18    0    0    25    0    0    0    25    0    24    25    25    0    24    0    
#Delay 3.610000    0    0    0    0    18    2    0    2    0    0    25    0    0    0    0    0    14    0    1    25    0    0    0    25    0    21    0    0    0    0    0    0    25    0    0    0    25    21    0    0    13    0    0    24    0    0    0    25    0    21    25    25    0    25    0    
#Delay 3.810000    0    0    0    0    13    0    0    0    0    0    20    0    0    0    0    0    12    0    1    25    0    0    0    25    0    14    0    0    0    0    0    0    25    0    0    0    25    12    0    0    8    0    0    23    0    0    0    25    0    14    25    22    0    25    0    
#Delay 4.010000    0    0    0    0    9    0    0    0    0    0    14    0    0    0    0    0    8    0    0    24    0    0    0    24    0    5    0    0    0    0    0    0    25    0    0    0    25    7    0    0    1    0    0    15    0    0    0    25    0    5    25    20    0    24    0    
#Delay 4.210001    0    0    0    0    3    0    0    0    0    0    7    0    0    0    0    0    1    0    0    25    0    0    0    22    0    2    0    0    0    0    0    0    24    0    0    0    24    4    0    0    1    0    0    7    0    0    0    24    0    2    23    12    0    21    0    
#Delay 4.410000    0    0    0    0    0    0    0    0    0    0    0    0    0    0    0    0    0    0    0    20    0    0    0    17    0    0    0    0    0    0    0    0    22    0    0    0    19    0    0    0    0    0    0    1    0    0    0    23    0    0    20    4    0    7    0    
#Delay 4.610000    0    0    0    0    0    0    0    0    0    0    0    0    0    0    0    0    0    0    0    15    0    0    0    9    0    0    0    0    0    0    0    0    24    0    0    0    20    0    0    0    0    0    0    0    0    0    0    21    0    0    14    3    0    5    0    
#Delay 4.810000    0    0    0    0    0    0    0    0    0    0    0    0    0    0    0    0    0    0    0    4    0    0    0    0    0    0    0    0    0    0    0    0    7    0    0    0    5    0    0    0    0    0    0    0    0    0    0    16    0    0    8    0    0    1    0    
#Delay 5.010000    0    0    0    0    0    0    0    0    0    0    0    0    0    0    0    0    0    0    0    1    0    0    0    1    0    0    0    0    0    0    0    0    4    0    0    0    2    0    0    0    0    0    0    0    0    0    0    1    0    0    0    0    0    0    0    
#Delay 5.210001    0    0    0    0    0    0    0    0    0    0    0    0    0    0    0    0    0    0    0    0    0    0    0    0    0    0    0    0    0    0    0    0    3    0    0    0    3    0    0    0    0    0    0    0    0    0    0    3    0    0    1    0    0    0    0    
#Delay 5.410000    0    0    0    0    0    0    0    0    0    0    0    0    0    0    0    0    0    0    0    0    0    0    0    0    0    0    0    0    0    0    0    0    0    0    0    0    0    0    0    0    0    0    0    0    0    0    0    0    0    0    0    0    0    0    0    
#Delay 5.610000    0    0    0    0    0    0    0    0    0    0    0    0    0    0    0    0    0    0    0    0    0    0    0    0    0    0    0    0    0    0    0    0    0    0    0    0    0    0    0    0    0    0    0    0    0    0    0    0    0    0    0    0    0    0    0    
#Delay 5.810000    0    0    0    0    0    0    0    0    0    0    0    0    0    0    0    0    0    0    0    0    0    0    0    0    0    0    0    0    0    0    0    0    0    0    0    0    0    0    0    0    0    0    0    0    0    0    0    0    0    0    0    0    0    0    0    
#Delay 6.010000    0    0    0    0    0    0    0    0    0    0    0    0    0    0    0    0    0    0    0    0    0    0    0    0    0    0    0    0    0    0    0    0    0    0    0    0    0    0    0    0    0    0    0    0    0    0    0    0    0    0    0    0    0    0    0    
#Delay 6.210001    0    0    0    0    0    0    0    0    0    0    0    0    0    0    0    0    0    0    0    0    0    0    0    0    0    0    0    0    0    0    0    0    0    0    0    0    0    0    0    0    0    0    0    0    0    0    0    0    0    0    0    0    0    0    0    
#Delay 6.410000    0    0    0    0    0    0    0    0    0    0    0    0    0    0    0    0    0    0    0    0    0    0    0    0    0    0    0    0    0    0    0    0    0    0    0    0    0    0    0    0    0    0    0    0    0    0    0    0    0    0    0    0    0    0    0    
#Delay 6.610000    0    0    0    0    0    0    0    0    0    0    0    0    0    0    0    0    0    0    0    0    0    0    0    0    0    0    0    0    0    0    0    0    0    0    0    0    0    0    0    0    0    0    0    0    0    0    0    0    0    0    0    0    0    0    0    
#Delay 6.810000    0    0    0    0    0    0    0    0    0    0    0    0    0    0    0    0    0    0    0    0    0    0    0    0    0    0    0    0    0    0    0    0    0    0    0    0    0    0    0    0    0    0    0    0    0    0    0    0    0    0    0    0    0    0    0    
#PIXEL  #BOARD  #CHANNEL  #MACROCELL L3  #ALL MACROCELLS  #ATTENUATION
143        2        1        5        5,11,0        12.000000
305        3        31        17        17,19,0        12.871000
299        4        11        6        6,8,0        10.571000
24        5        24        16        16,22,0        12.710800
176        6        26        21        21,25,0        11.767000
231        6        16        10        10,14,0        11.972900
411        7        17        13        13,0,0        11.273300
50        8        29        20        20,24,0        11.126100
62        10        27        34        34,39,0        12.048400
155        11        29        29        29,35,0        12.000000
557        11        20        26        26,0,0        12.754600
34        13        5        33        33,37,0        11.507900
259        13        27        40        40,46,0        12.000000
335        15        4        38        38,41,0        12.080500
395        15        17        48        48,51,0        11.269600
212        16        18        44        44,50,0        12.101100
457        17        15        52        52,0,0        12.738200
623        18        8        54        54,0,0        12.000000
#Delay 0.010000    0    0    0    0    0    25    0    25    0    25    0    0    25    25    0    25    25    0    25    25    25    25    0    25    25    25    0    0    0    0    0    0    25    25    0    0    25    25    25    0    25    0    0    25    0    0    0    25    0    25    25    25    0    25    0    
#Delay 0.210000    0    0    0    0    0    25    0    25    0    25    0    0    25    25    0    25    25    0    25    25    25    25    0    25    25    25    0    0    0    0    0    0    25    25    0    0    25    25    25    0    25    0    0    25    0    0    0    25    0    25    25    25    0    25    0    
#Delay 0.410000    0    0    0    0    0    25    0    25    0    25    0    0    25    25    0    25    25    0    25    25    25    25    0    25    25    25    0    0    0    0    0    0    25    25    0    0    25    25    25    0    25    0    0    25    0    0    0    25    0    25    25    25    0    25    0    
#Delay 0.610000    0    0    0    0    0    25    0    25    0    25    0    0    25    25    0    25    25    0    25    25    25    25    0    25    25    25    0    0    0    0    0    0    25    25    0    0    25    25    25    0    25    0    0    25    0    0    0    25    0    25    25    25    0    25    0    
#Delay 0.810000    0    0    0    0    0    25    0    25    0    25    0    0    25    25    0    25    25    0    25    25    25    25    0    25    25    25    0    0    0    0    0    0    25    25    0    0    25    25    25    0    25    0    0    25    0    0    0    25    0    25    25    25    0    25    0    
#Delay 1.010000    0    0    0    0    0    25    0    25    0    25    0    0    25    25    0    25    25    0    25    25    25    25    0    25    25    25    0    0    0    0    0    0    25    25    0    0    25    25    25    0    25    0    0    25    0    0    0    25    0    24    25    25    0    25    0    
#Delay 1.210000    0    0    0    0    0    25    0    25    0    25    0    0    25    25    0    25    25    0    25    24    25    25    0    24    25    25    0    0    0    0    0    0    25    25    0    0    25    25    25    0    25    0    0    25    0    0    0    25    0    25    25    25    0    25    0    
#Delay 1.410000    0    0    0    0    0    25    0    25    0    25    0    0    25    25    0    25    25    0    25    25    25    25    0    25    25    25    0    0    0    0    0    0    25    25    0    0    25    25    25    0    25    0    0    25    0    0    0    25    0    25    25    25    0    25    0    
#Delay 1.610000    0    0    0    0    0    25    0    25    0    25    0    0    25    25    0    25    25    0    25    25    25    25    0    25    25    25    0    0    0    0    0    0    25    25    0    0    25    24    25    0    24    0    0    25    0    0    0    25    0    25    25    25    0    25    0    
#Delay 1.810000    0    0    0    0    0    24    0    24    0    25    0    0    25    25    0    25    25    0    25    25    25    25    0    23    25    25    0    0    0    0    0    0    25    25    0    0    25    25    25    0    25    0    0    25    0    0    0    25    0    25    25    25    0    25    0    
#Delay 2.010000    0    0    0    0    0    25    0    25    0    25    0    0    25    25    0    25    25    0    25    20    25    25    0    15    25    25    0    0    0    0    0    0    25    25    0    0    25    25    25    0    25    0    0    25    0    0    0    25    0    25    25    25    0    25    0    
#Delay 2.210000    0    0    0    0    0    25    0    25    0    25    0    0    25    25    0    25    25    0    25    11    25    25    0    10    25    25    0    0    0    0    0    0    25    25    0    0    25    25    25    0    25    0    0    25    0    0    0    25    0    25    25    24    0    25    0    
#Delay 2.410000    0    0    0    0    0    25    0    25    0    25    0    0    25    25    0    25    25    0    25    12    25    25    0    9    25    25    0    0    0    0    0    0    25    25    0    0    25    25    25    0    25    0    0    24    0    0    0    25    0    24    25    25    0    25    0    
#Delay 2.610000    0    0    0    0    0    20    0    20    0    25    0    0    25    25    0    25    25    0    25    4    25    25    0    3    25    25    0    0    0    0    0    0    25    25    0    0    25    25    25    0    25    0    0    25    0    0    0    25    0    24    25    24    0    25    0    
#Delay 2.810000    0    0    0    0    0    16    0    17    0    25    0    0    25    25    0    25    25    0    25    0    25    25    0    0    25    25    0    0    0    0    0    0    25    25    0    0    25    25    25    0    25    0    0    23    0    0    0    25    0    20    25    22    0    25    0    
#Delay 3.010000    0    0    0    0    0    7    0    8    0    25    0    0    23    25    0    24    25    0    25    0    24    25    0    0    25    25    0    0    0    0    0    0    25    25    0    0    25    25    25    0    25    0    0    24    0    0    0    25    0    20    25    15    0    25    0    
#Delay 3.210000    0    0    0    0    0    3    0    3    0    25    0    0    20    25    0    21    25    0    24    0    13    23    0    0    15    23    0    0    0    0    0    0    25    25    0    0    25    25    25    0    25    0    0    18    0    0    0    25    0    13    25    9    0    25    0    
#Delay 3.410000    0    0    0    0    0    1    0    1    0    20    0    0    14    20    0    20    23    0    21    0    8    23    0    0    9    22    0    0    0    0    0    0    25    25    0    0    25    24    25    0    24    0    0    6    0    0    0    25    0    1    25    2    0    25    0    
#Delay 3.610000    0    0    0    0    0    0    0    0    0    19    0    0    12    22    0    11    24    0    22    0    1    15    0    0    1    14    0    0    0    0    0    0    23    25    0    0    21    21    25    0    17    0    0    4    0    0    0    25    0    4    25    0    0    25    0    
#Delay 3.810000    0    0    0    0    0    0    0    0    0    11    0    0    3    15    0    3    17    0    11    0    1    15    0    0    1    10    0    0    0    0    0    0    24    25    0    0    16    21    25    0    15    0    0    1    0    0    0    25    0    0    25    2    0    24    0    
#Delay 4.010000    0    0    0    0    0    0    0    0    0    5    0    0    0    7    0    0    15    0    6    0    0    3    0    0    0    2    0    0    0    0    0    0    15    24    0    0    9    14    24    0    5    0    0    0    0    0    0    23    0    0    19    0    0    20    0    
#Delay 4.210001    0    0    0    0    0    0    0    0    0    1    0    0    0    3    0    1    10    0    2    0    0    1    0    0    0    0    0    0    0    0    0    0    11    24    0    0    4    8    23    0    1    0    0    0    0    0    0    26    0    0    22    0    0    21    0    
#Delay 4.410000    0    0    0    0    0    0    0    0    0    0    0    0    0    0    0    0    1    0    0    0    0    0    0    0    0    0    0    0    0    0    0    0    4    23    0    0    1    2    17    0    0    0    0    0    0    0    0    15    0    0    11    0    0    8    0    
#Delay 4.610000    0    0    0    0    0    0    0    0    0    0    0    0    0    0    0    0    0    0    0    0    0    0    0    0    0    0    0    0    0    0    0    0    0    12    0    0    0    1    8    0    1    0    0    0    0    0    0    14    0    0    7    0    0    1    0    
#Delay 4.810000    0    0    0    0    0    0    0    0    0    0    0    0    0    0    0    0    0    0    0    0    0    0    0    0    0    0    0    0    0    0    0    0    0    9    0    0    0    0    7    0    0    0    0    0    0    0    0    10    0    0    3    0    0    0    0    
#Delay 5.010000    0    0    0    0    0    0    0    0    0    0    0    0    0    0    0    0    0    0    0    0    0    0    0    1    0    0    0    0    0    0    0    0    0    1    0    0    0    0    1    0    0    0    0    0    0    0    0    1    0    0    1    0    0    0    0    
#Delay 5.210001    0    0    0    0    0    0    0    0    0    0    0    0    0    0    0    0    0    0    0    0    0    0    0    0    0    0    0    0    0    0    0    0    0    0    0    0    0    0    0    0    0    0    0    0    0    0    0    1    0    0    1    0    0    0    0    
#Delay 5.410000    0    0    0    0    0    0    0    0    0    0    0    0    0    0    0    0    0    0    0    0    0    0    0    0    0    0    0    0    0    0    0    0    0    0    0    0    0    0    0    0    0    0    0    0    0    0    0    0    0    0    0    0    0    0    0    
#Delay 5.610000    0    0    0    0    0    0    0    0    0    0    0    0    0    0    0    0    0    0    0    0    0    0    0    0    0    0    0    0    0    0    0    0    0    0    0    0    0    0    0    0    0    0    0    0    0    0    0    0    0    0    0    0    0    0    0    
#Delay 5.810000    0    0    0    0    0    0    0    0    0    0    0    0    0    0    0    0    0    0    0    0    0    0    0    0    0    0    0    0    0    0    0    0    0    0    0    0    0    0    0    0    0    0    0    0    0    0    0    0    0    0    0    0    0    0    0    
#Delay 6.010000    0    0    0    0    0    0    0    0    0    0    0    0    0    0    0    0    0    0    0    0    0    0    0    0    0    0    0    0    0    0    0    0    0    0    0    0    0    0    0    0    0    0    0    0    0    0    0    0    0    0    0    0    0    0    0    
#Delay 6.210001    0    0    0    0    0    0    0    0    0    0    0    0    0    0    0    0    0    0    0    0    0    0    0    0    0    0    0    0    0    0    0    0    0    0    0    0    0    0    0    0    0    0    0    0    0    0    0    0    0    0    0    0    0    0    0    
#Delay 6.410000    0    0    0    0    0    0    0    0    0    0    0    0    0    0    0    0    0    0    0    0    0    0    0    0    0    0    0    0    0    0    0    0    0    0    0    0    0    0    0    0    0    0    0    0    0    0    0    0    0    0    0    0    0    0    0    
#Delay 6.610000    0    0    0    0    0    0    0    0    0    0    0    0    0    0    0    0    0    0    0    0    0    0    0    0    0    0    0    0    0    0    0    0    0    0    0    0    0    0    0    0    0    0    0    0    0    0    0    0    0    0    0    0    0    0    0    
#Delay 6.810000    0    0    0    0    0    0    0    0    0    0    0    0    0    0    0    0    0    0    0    0    0    0    0    0    0    0    0    0    0    0    0    0    0    0    0    0    0    0    0    0    0    0    0    0    0    0    0    0    0    0    0    0    0    0    0    
#PIXEL  #BOARD  #CHANNEL  #MACROCELL L3  #ALL MACROCELLS  #ATTENUATION
150        3        25        20        19,20,0        10.754200
432        4        22        6        6,0,0        11.484800
184        5        31        10        10,11,0        11.158600
240        5        16        5        5,8,0        11.894300
67        6        12        21        21,22,0        12.003800
346        6        31        13        13,14,0        12.679200
340        7        13        26        25,26,0        11.995900
513        8        2        17        17,0,0        12.324700
27        9        10        16        16,24,0        4.908080
37        10        2        34        34,37,0        11.251300
309        12        15        29        29,32,0        12.090200
315        12        1        40        40,43,0        10.657600
54        13        22        33        33,35,0        11.573100
162        13        10        44        44,46,0        11.072000
172        14        26        38        38,39,0        11.041300
268        14        20        48        48,50,0        11.810700
531        16        7        52        52,0,0        12.481400
460        17        32        54        54,0,0        12.145000
#Delay 0.010000    0    0    0    0    25    25    0    25    0    25    25    0    25    25    0    25    25    0    25    25    25    25    0    25    25    25    0    0    25    0    0    25    25    25    25    0    25    25    25    25    0    0    25    25    0    25    0    25    0    25    0    25    0    25    0    
#Delay 0.210000    0    0    0    0    26    26    0    26    0    26    26    0    26    26    0    26    26    0    26    26    26    26    0    26    26    26    0    0    26    0    0    26    26    26    26    0    26    26    26    26    0    0    26    26    0    26    0    26    0    26    0    26    0    26    0    
#Delay 0.410000    0    0    0    0    25    25    0    25    0    25    25    0    25    25    0    25    25    0    25    25    25    25    0    25    25    25    0    0    25    0    0    25    25    25    25    0    25    25    25    25    0    0    25    25    0    25    0    25    0    25    0    25    0    25    0    
#Delay 0.610000    0    0    0    0    25    25    0    25    0    25    25    0    25    25    0    25    25    0    25    25    25    25    0    25    25    25    0    0    25    0    0    25    25    25    25    0    25    25    25    25    0    0    25    25    0    25    0    25    0    25    0    25    0    25    0    
#Delay 0.810000    0    0    0    0    25    25    0    25    0    25    25    0    25    25    0    25    25    0    25    25    25    25    0    25    25    25    0    0    25    0    0    25    25    24    25    0    24    25    25    25    0    0    25    25    0    25    0    25    0    25    0    25    0    25    0    
#Delay 1.010000    0    0    0    0    24    24    0    24    0    24    24    0    24    24    0    24    24    0    24    24    24    24    0    24    24    24    0    0    24    0    0    24    24    24    24    0    24    24    24    24    0    0    24    24    0    24    0    24    0    24    0    24    0    24    0    
#Delay 1.210000    0    0    0    0    25    25    0    25    0    25    25    0    25    25    0    25    25    0    25    25    25    25    0    25    25    25    0    0    25    0    0    25    25    25    25    0    25    25    25    25    0    0    25    25    0    25    0    25    0    25    0    25    0    25    0    
#Delay 1.410000    0    0    0    0    25    25    0    25    0    25    25    0    25    25    0    25    25    0    25    25    25    25    0    25    25    25    0    0    25    0    0    25    25    25    25    0    25    25    25    25    0    0    25    25    0    25    0    25    0    25    0    25    0    25    0    
#Delay 1.610000    0    0    0    0    25    25    0    25    0    25    25    0    25    25    0    25    25    0    25    25    25    25    0    25    25    25    0    0    25    0    0    25    25    25    25    0    25    25    25    24    0    0    24    25    0    25    0    25    0    25    0    25    0    25    0    
#Delay 1.810000    0    0    0    0    25    25    0    25    0    25    25    0    25    25    0    25    25    0    25    25    25    25    0    25    25    25    0    0    25    0    0    25    25    25    25    0    25    25    25    24    0    0    24    25    0    25    0    25    0    25    0    25    0    25    0    
#Delay 2.010000    0    0    0    0    25    25    0    25    0    25    25    0    25    25    0    25    25    0    25    25    25    25    0    25    25    25    0    0    25    0    0    25    25    25    25    0    25    25    25    13    0    0    20    25    0    25    0    25    0    25    0    25    0    25    0    
#Delay 2.210000    0    0    0    0    25    25    0    25    0    25    25    0    25    25    0    25    25    0    25    25    25    25    0    25    21    25    0    0    25    0    0    25    25    25    25    0    25    25    22    7    0    0    10    25    0    25    0    25    0    25    0    24    0    24    0    
#Delay 2.410000    0    0    0    0    25    25    0    25    0    25    25    0    25    25    0    25    25    0    25    25    25    25    0    25    19    24    0    0    25    0    0    25    25    24    25    0    23    24    18    4    0    0    7    25    0    25    0    25    0    25    0    24    0    25    0    
#Delay 2.610000    0    0    0    0    25    25    0    25    0    25    25    0    25    25    0    25    22    0    23    25    24    24    0    25    11    16    0    0    25    0    0    25    25    25    25    0    25    22    11    1    0    0    2    25    0    25    0    25    0    25    0    18    0    25    0    
#Delay 2.810000    0    0    0    0    25    23    0    25    0    25    25    0    24    25    0    25    21    0    24    25    24    24    0    25    2    8    0    0    25    0    0    25    25    23    25    0    23    12    3    0    0    0    0    24    0    21    0    24    0    24    0    11    0    24    0    
#Delay 3.010000    0    0    0    0    25    22    0    25    0    25    25    0    16    24    0    25    15    0    18    25    21    21    0    25    1    4    0    0    25    0    0    23    25    16    25    0    16    7    0    0    0    0    0    24    0    16    0    24    0    21    0    1    0    17    0    
#Delay 3.210000    0    0    0    0    25    15    0    25    0    23    25    0    14    21    0    22    9    0    13    21    18    18    0    25    0    1    0    0    25    0    0    22    25    13    25    0    13    1    0    0    0    0    0    22    0    13    0    20    0    19    0    2    0    18    0    
#Delay 3.410000    0    0    0    0    25    10    0    25    0    24    25    0    4    16    0    19    5    0    10    16    7    10    0    22    0    0    0    0    24    0    0    17    25    11    25    0    9    0    0    0    0    0    0    17    0    9    0    13    0    11    0    1    0    12    0    
#Delay 3.610000    0    0    0    0    25    2    0    25    0    16    24    0    2    10    0    13    2    0    2    11    5    5    0    20    0    0    0    0    22    0    0    10    25    5    25    0    4    0    0    0    0    0    0    9    0    3    0    9    0    8    0    0    0    4    0    
#Delay 3.810000    0    0    0    0    25    0    0    25    0    7    24    0    0    4    0    1    0    0    0    3    0    0    0    7    0    0    0    0    10    0    0    3    24    1    24    0    0    0    0    0    0    0    0    3    0    0    0    1    0    1    0    0    0    1    0    
#Delay 4.010000    0    0    0    0    24    0    0    24    0    3    11    0    0    1    0    0    0    0    0    0    0    0    0    1    0    0    0    0    6    0    0    0    24    0    24    0    0    0    0    0    0    0    0    0    0    0    0    0    0    0    0    0    0    0    0    
#Delay 4.210001    0    0    0    0    23    0    0    21    0    0    7    0    0    1    0    0    0    0    0    0    0    0    0    0    0    0    0    0    2    0    0    0    24    0    24    0    0    0    0    0    0    0    0    0    0    0    0    0    0    0    0    0    0    0    0    
#Delay 4.410000    0    0    0    0    19    0    0    19    0    0    2    0    0    0    0    0    0    0    0    0    0    0    0    0    0    0    0    0    1    0    0    0    21    0    23    0    0    0    0    0    0    0    0    0    0    0    0    0    0    0    0    0    0    0    0    
#Delay 4.610000    0    0    0    0    11    0    0    10    0    0    0    0    0    0    0    0    0    0    0    0    0    0    0    0    0    0    0    0    0    0    0    0    18    0    21    0    0    0    0    0    0    0    0    0    0    0    0    0    0    0    0    0    0    0    0    
#Delay 4.810000    0    0    0    0    8    0    0    6    0    0    0    0    0    0    0    0    0    0    0    0    0    0    0    0    0    0    0    0    0    0    0    0    6    0    9    0    0    0    0    0    0    0    0    0    0    0    0    0    0    0    0    0    0    0    0    
#Delay 5.010000    0    0    0    0    1    0    0    1    0    0    0    0    0    0    0    0    0    0    0    0    0    0    0    0    0    0    0    0    0    0    0    0    2    0    3    0    0    0    0    0    0    0    0    0    0    0    0    0    0    0    0    0    0    0    0    
#Delay 5.210001    0    0    0    0    1    0    0    1    0    0    0    0    0    0    0    0    0    0    0    0    0    0    0    0    0    0    0    0    0    0    0    0    2    0    2    0    0    0    0    0    0    0    0    0    0    0    0    0    0    0    0    0    0    0    0    
#Delay 5.410000    0    0    0    0    0    0    0    0    0    0    0    0    0    0    0    0    0    0    0    0    0    0    0    0    0    0    0    0    0    0    0    0    0    0    0    0    0    0    0    0    0    0    0    0    0    0    0    0    0    0    0    0    0    0    0    
#Delay 5.610000    0    0    0    0    0    0    0    0    0    0    0    0    0    0    0    0    0    0    0    0    0    0    0    0    0    0    0    0    0    0    0    0    0    0    0    0    0    0    0    0    0    0    0    0    0    0    0    0    0    0    0    0    0    0    0    
#Delay 5.810000    0    0    0    0    0    0    0    0    0    0    0    0    0    0    0    0    0    0    0    0    0    0    0    0    0    0    0    0    0    0    0    0    0    0    0    0    0    0    0    0    0    0    0    0    0    0    0    0    0    0    0    0    0    0    0    
#Delay 6.010000    0    0    0    0    0    0    0    0    0    0    0    0    0    0    0    0    0    0    0    0    0    0    0    0    0    0    0    0    0    0    0    0    0    0    0    0    0    0    0    0    0    0    0    0    0    0    0    0    0    0    0    0    0    0    0    
#Delay 6.210001    0    0    0    0    0    0    0    0    0    0    0    0    0    0    0    0    0    0    0    0    0    0    0    0    0    0    0    0    0    0    0    0    0    0    0    0    0    0    0    0    0    0    0    0    0    0    0    0    0    0    0    0    0    0    0    
#Delay 6.410000    0    0    0    0    0    0    0    0    0    0    0    0    0    0    0    0    0    0    0    0    0    0    0    0    0    0    0    0    0    0    0    0    0    0    0    0    0    0    0    0    0    0    0    0    0    0    0    0    0    0    0    0    0    0    0    
#Delay 6.610000    0    0    0    0    0    0    0    0    0    0    0    0    0    0    0    0    0    0    0    0    0    0    0    0    0    0    0    0    0    0    0    0    0    0    0    0    0    0    0    0    0    0    0    0    0    0    0    0    0    0    0    0    0    0    0    
#Delay 6.810000    0    0    0    0    0    0    0    0    0    0    0    0    0    0    0    0    0    0    0    0    0    0    0    0    0    0    0    0    0    0    0    0    0    0    0    0    0    0    0    0    0    0    0    0    0    0    0    0    0    0    0    0    0    0    0    
#PIXEL  #BOARD  #CHANNEL  #MACROCELL L3  #ALL MACROCELLS  #ATTENUATION
196        3        26        20        19,20,0        12.162600
433        4        23        6        6,0,0        12.114300
141        5        26        10        10,11,0        11.433800
241        5        12        5        5,8,0        11.943400
42        6        6        21        21,22,0        12.309200
285        6        25        13        13,14,0        11.823700
279        7        7        26        25,26,0        12.055100
595        8        8        17        17,0,0        12.237000
28        9        15        16        16,24,0        12.150500
36        10        7        34        34,37,0        12.039400
373        12        21        29        29,32,0        12.000000
379        12        7        40        40,43,0        11.864000
82        13        28        33        33,35,0        12.836500
208        13        15        44        44,46,0        12.051600
129        14        25        38        38,39,0        12.145200
267        14        24        48        48,50,0        12.501100
613        16        12        52        52,0,0        12.530500
459        17        9        54        54,0,0        11.582800
#Delay 0.010000    0    0    0    0    25    25    0    25    0    25    25    0    25    25    0    25    25    0    25    25    25    25    0    25    25    25    0    0    0    0    0    0    25    25    25    0    25    25    25    25    0    0    25    25    0    25    0    25    0    25    0    25    0    0    0    
#Delay 0.210000    0    0    0    0    25    25    0    25    0    25    25    0    25    25    0    25    25    0    25    25    25    25    0    25    25    25    0    0    0    0    0    0    25    25    25    0    25    25    25    25    0    0    25    25    0    25    0    25    0    25    0    25    0    0    0    
#Delay 0.410000    0    0    0    0    25    25    0    25    0    25    25    0    25    25    0    25    25    0    25    25    25    25    0    25    25    25    0    0    0    0    0    0    25    25    25    0    25    25    25    25    0    0    25    25    0    25    0    25    0    25    0    25    0    0    0    
#Delay 0.610000    0    0    0    0    24    24    0    24    0    24    24    0    24    24    0    24    24    0    24    24    24    24    0    24    24    24    0    0    0    0    0    0    24    24    24    0    24    24    24    24    0    0    24    24    0    24    0    24    0    24    0    24    0    0    0    
#Delay 0.810000    0    0    0    0    25    25    0    25    0    25    25    0    25    25    0    25    25    0    25    25    25    25    0    25    25    25    0    0    0    0    0    0    25    25    25    0    25    25    25    25    0    0    25    25    0    25    0    25    0    25    0    25    0    0    0    
#Delay 1.010000    0    0    0    0    25    25    0    25    0    25    25    0    25    25    0    25    25    0    25    25    25    25    0    25    25    25    0    0    0    0    0    0    25    25    25    0    25    25    25    25    0    0    25    25    0    25    0    25    0    25    0    25    0    0    0    
#Delay 1.210000    0    0    0    0    24    24    0    24    0    24    24    0    24    24    0    24    24    0    24    24    24    24    0    24    24    24    0    0    0    0    0    0    24    24    24    0    24    24    24    24    0    0    24    24    0    24    0    24    0    24    0    24    0    0    0    
#Delay 1.410000    0    0    0    0    25    25    0    25    0    25    25    0    25    25    0    25    25    0    25    25    25    25    0    25    25    25    0    0    0    0    0    0    25    25    25    0    25    25    25    25    0    0    25    25    0    25    0    25    0    25    0    25    0    0    0    
#Delay 1.610000    0    0    0    0    25    25    0    25    0    25    25    0    25    25    0    25    25    0    24    25    25    25    0    25    25    25    0    0    0    0    0    0    25    25    25    0    25    25    25    25    0    0    25    25    0    25    0    25    0    25    0    25    0    0    0    
#Delay 1.810000    0    0    0    0    26    26    0    26    0    26    26    0    26    26    0    26    26    0    26    26    26    26    0    26    26    26    0    0    0    0    0    0    26    26    26    0    26    26    26    24    0    0    24    26    0    26    0    26    0    26    0    26    0    0    0    
#Delay 2.010000    0    0    0    0    25    25    0    25    0    25    25    0    25    25    0    25    25    0    23    25    25    25    0    25    25    25    0    0    0    0    0    0    25    25    25    0    25    25    25    17    0    0    19    25    0    25    0    25    0    25    0    25    0    0    0    
#Delay 2.210000    0    0    0    0    25    25    0    24    0    25    25    0    25    25    0    25    25    0    18    23    25    25    0    25    25    25    0    0    0    0    0    0    25    25    25    0    25    25    25    13    0    0    14    25    0    25    0    25    0    25    0    25    0    0    0    
#Delay 2.410000    0    0    0    0    25    25    0    24    0    25    25    0    25    25    0    25    25    0    14    21    25    25    0    25    25    25    0    0    0    0    0    0    25    25    25    0    25    25    25    7    0    0    8    25    0    25    0    25    0    25    0    25    0    0    0    
#Delay 2.610000    0    0    0    0    24    25    0    23    0    25    25    0    24    25    0    25    25    0    6    15    25    25    0    25    25    25    0    0    0    0    0    0    25    25    25    0    25    25    25    2    0    0    4    25    0    25    0    25    0    25    0    25    0    0    0    
#Delay 2.810000    0    0    0    0    24    25    0    19    0    25    25    0    23    24    0    25    25    0    3    8    25    25    0    25    25    25    0    0    0    0    0    0    25    25    25    0    25    25    24    0    0    0    0    25    0    25    0    25    0    25    0    25    0    0    0    
#Delay 3.010000    0    0    0    0    20    24    0    16    0    24    24    0    15    18    0    24    24    0    0    3    24    24    0    24    24    24    0    0    0    0    0    0    24    24    24    0    24    24    24    0    0    0    0    24    0    24    0    24    0    24    0    24    0    0    0    
#Delay 3.210000    0    0    0    0    9    23    0    5    0    25    25    0    2    9    0    25    25    0    0    0    25    25    0    25    25    25    0    0    0    0    0    0    22    25    21    0    25    25    21    0    0    0    0    25    0    25    0    25    0    25    0    13    0    0    0    
#Delay 3.410000    0    0    0    0    5    25    0    3    0    25    25    0    3    3    0    25    25    0    0    0    25    25    0    25    25    25    0    0    0    0    0    0    21    25    21    0    25    25    21    0    0    0    0    25    0    25    0    24    0    25    0    12    0    0    0    
#Delay 3.610000    0    0    0    0    2    20    0    0    0    24    24    0    0    0    0    25    25    0    0    0    25    25    0    25    22    25    0    0    0    0    0    0    19    25    16    0    25    24    15    0    0    0    0    25    0    25    0    21    0    21    0    3    0    0    0    
#Delay 3.810000    0    0    0    0    0    20    0    0    0    22    23    0    0    0    0    23    25    0    0    0    25    25    0    24    18    24    0    0    0    0    0    0    5    25    5    0    25    22    8    0    0    0    0    25    0    25    0    18    0    18    0    0    0    0    0    
#Delay 4.010000    0    0    0    0    0    7    0    0    0    13    19    0    0    0    0    21    25    0    0    0    25    25    0    23    15    23    0    0    0    0    0    0    2    25    1    0    25    9    2    0    0    0    0    25    0    25    0    14    0    12    0    0    0    0    0    
#Delay 4.210001    0    0    0    0    0    2    0    0    0    11    13    0    0    0    0    16    25    0    0    0    25    25    0    23    8    16    0    0    0    0    0    0    1    24    1    0    24    7    1    0    0    0    0    25    0    25    0    7    0    7    0    0    0    0    0    
#Delay 4.410000    0    0    0    0    0    0    0    0    0    2    4    0    0    0    0    11    23    0    0    0    25    25    0    20    5    14    0    0    0    0    0    0    0    21    0    0    22    3    0    0    0    0    0    25    0    25    0    3    0    3    0    0    0    0    0    
#Delay 4.610000    0    0    0    0    0    0    0    0    0    0    0    0    0    0    0    4    21    0    0    0    25    25    0    9    2    4    0    0    0    0    0    0    0    20    0    0    23    0    0    0    0    0    0    25    0    25    0    0    0    0    0    0    0    0    0    
#Delay 4.810000    0    0    0    0    0    0    0    0    0    0    0    0    0    0    0    0    9    0    0    0    24    24    0    6    0    1    0    0    0    0    0    0    0    7    0    0    9    0    0    0    0    0    0    25    0    25    0    0    0    0    0    0    0    0    0    
#Delay 5.010000    0    0    0    0    0    0    0    0    0    0    0    0    0    0    0    0    10    0    0    0    23    23    0    1    0    0    0    0    0    0    0    0    0    4    0    0    7    0    0    0    0    0    0    25    0    25    0    0    0    0    0    0    0    0    0    
#Delay 5.210001    0    0    0    0    0    0    0    0    0    0    0    0    0    0    0    0    3    0    0    0    14    10    0    0    0    0    0    0    0    0    0    0    0    1    0    0    2    0    0    0    0    0    0    24    0    24    0    0    0    0    0    0    0    0    0    
#Delay 5.410000    0    0    0    0    0    0    0    0    0    0    0    0    0    0    0    0    0    0    0    0    5    4    0    0    0    0    0    0    0    0    0    0    0    0    0    0    0    0    0    0    0    0    0    25    0    23    0    0    0    0    0    0    0    0    0    
#Delay 5.610000    0    0    0    0    0    0    0    0    0    0    0    0    0    0    0    0    0    0    0    0    4    3    0    0    0    0    0    0    0    0    0    0    0    0    0    0    0    0    0    0    0    0    0    24    0    19    0    0    0    0    0    0    0    0    0    
#Delay 5.810000    0    0    0    0    0    0    0    0    0    0    0    0    0    0    0    0    0    0    0    0    2    0    0    0    0    0    0    0    0    0    0    0    0    0    0    0    0    0    0    0    0    0    0    22    0    13    0    0    0    0    0    0    0    0    0    
#Delay 6.010000    0    0    0    0    0    0    0    0    0    0    0    0    0    0    0    0    0    0    0    0    0    0    0    0    0    0    0    0    0    0    0    0    0    0    0    0    0    0    0    0    0    0    0    11    0    3    0    0    0    0    0    0    0    0    0    
#Delay 6.210001    0    0    0    0    0    0    0    0    0    0    0    0    0    0    0    0    0    0    0    0    0    0    0    0    0    0    0    0    0    0    0    0    0    0    0    0    0    0    0    0    0    0    0    7    0    1    0    0    0    0    0    0    0    0    0    
#Delay 6.410000    0    0    0    0    0    0    0    0    0    0    0    0    0    0    0    0    0    0    0    0    0    0    0    0    0    0    0    0    0    0    0    0    0    0    0    0    0    0    0    0    0    0    0    1    0    1    0    0    0    0    0    0    0    0    0    
#Delay 6.610000    0    0    0    0    0    0    0    0    0    0    0    0    0    0    0    0    0    0    0    0    0    0    0    0    0    0    0    0    0    0    0    0    0    0    0    0    0    0    0    0    0    0    0    0    0    0    0    0    0    0    0    0    0    0    0    
#Delay 6.810000    0    0    0    0    0    0    0    0    0    0    0    0    0    0    0    0    0    0    0    0    0    0    0    0    0    0    0    0    0    0    0    0    0    0    0    0    0    0    0    0    0    0    0    0    0    0    0    0    0    0    0    0    0    0    0    
