#PIXEL  #BOARD  #CHANNEL  #MACROCELL L1  #ALL MACROCELLS  #ATTENUATION
582        1        25        1        1,0,0        13.538500
354        2        24        3        3,0,0        12.238000
570        3        19        7        7,0,0        12.184400
363        4        18        9        6,9,0        11.276500
189        5        15        12        5,12,0        11.435000
183        6        4        15        10,15,0        12.331400
345        7        5        18        13,18,0        11.274300
406        7        20        31        26,31,0        13.461400
438        7        32        23        17,23,0        12.507200
12        9        11        28        16,28,0        11.843700
111        9        4        27        20,27,0        12.357600
97        10        11        30        21,30,0        13.698700
252        12        9        36        29,36,0        10.799900
55        13        16        42        33,42,0        12.721400
61        14        1        45        34,45,0        11.892900
220        14        30        47        38,47,0        12.278400
316        15        25        49        40,49,0        10.742900
163        16        20        53        44,53,0        12.129100
328        17        19        55        48,55,0        11.245000
#Delay 0.010000    0    0    0    0    0    0    0    0    0    0    0    0    0    0    0    0    0    0    0    0    0    0    0    0    0    0    0    0    0    0    0    0    0    0    0    0    0    0    0    0    0    0    0    0    0    0    0    0    0    0    0    0    0    0    0    
#Delay 0.260000    0    0    0    0    0    0    0    0    0    0    0    0    0    0    0    0    0    0    0    0    0    0    0    0    0    0    0    0    0    0    0    0    0    0    0    0    0    0    0    0    0    0    0    0    0    0    0    0    0    0    0    0    0    0    0    
#Delay 0.510000    2    0    2    0    2    2    2    0    0    2    0    2    2    0    2    2    2    2    0    2    2    0    2    0    0    2    0    2    2    2    2    0    2    2    0    2    0    0    0    2    0    2    0    2    2    0    2    0    0    0    0    0    2    0    2    
#Delay 0.760000    0    0    0    0    0    0    0    0    0    0    0    0    0    0    0    0    0    0    0    0    0    0    0    0    0    0    0    0    0    0    0    0    0    0    0    0    0    0    0    0    0    0    0    0    0    0    0    0    0    0    0    0    0    0    0    
#Delay 1.010000    0    0    0    0    0    0    0    0    0    0    0    0    0    0    0    0    0    0    0    0    0    0    0    0    0    0    0    0    0    0    0    0    0    0    0    0    0    0    0    0    0    0    0    0    0    0    0    0    0    0    0    0    0    0    0    
#Delay 1.260000    0    0    0    0    0    0    0    0    0    0    0    0    0    0    0    0    0    0    0    0    0    0    0    0    0    0    0    0    0    0    0    0    0    0    0    0    0    0    0    0    0    0    0    0    0    0    0    0    0    0    0    0    0    0    0    
#Delay 1.510000    0    0    0    0    0    0    0    0    0    0    0    0    0    0    0    0    0    0    0    0    0    0    0    0    0    0    0    0    0    0    0    0    0    0    0    0    0    0    0    0    0    0    0    0    0    0    0    0    0    0    0    0    0    0    0    
#Delay 1.760000    0    0    0    0    0    0    0    0    0    0    0    0    0    0    0    0    0    0    0    0    0    0    0    0    0    0    0    0    0    0    0    0    0    0    0    0    0    0    0    0    0    0    0    0    0    0    0    0    0    0    0    0    0    0    0    
#Delay 2.010000    0    0    0    0    0    0    0    0    0    0    0    0    0    0    0    0    0    0    0    0    0    0    0    0    0    0    0    0    0    0    0    0    0    0    0    0    0    0    0    0    0    0    0    0    0    0    0    0    0    0    0    0    0    0    0    
#Delay 2.260000    0    0    0    0    0    0    0    0    0    0    0    0    0    0    0    0    0    0    0    0    0    0    0    0    0    0    0    0    0    0    0    0    0    0    0    0    0    0    0    0    0    0    0    0    0    0    0    0    0    0    0    0    0    0    0    
#Delay 2.510000    0    0    0    0    0    0    0    0    0    0    0    0    0    0    0    0    0    0    0    0    0    0    0    0    0    0    0    0    0    0    0    0    0    0    0    0    0    0    0    0    0    0    0    0    0    0    0    0    0    0    0    0    0    0    0    
#Delay 2.760000    0    0    0    0    0    0    0    0    0    0    0    0    0    0    0    0    0    0    0    0    0    0    0    0    0    0    0    0    0    0    0    0    0    0    0    0    0    0    0    0    0    0    0    0    0    0    0    0    0    0    0    0    0    0    0    
#Delay 3.010000    0    0    1    0    1    0    1    0    0    1    0    1    1    0    1    1    1    1    0    1    1    0    1    0    0    1    1    1    1    1    1    0    1    1    0    1    0    0    0    1    0    1    0    1    1    0    0    0    0    0    0    0    1    0    1    
#Delay 3.260000    0    0    1    0    1    0    0    0    0    1    0    1    0    0    1    1    1    1    0    0    1    0    1    0    0    0    0    1    1    1    0    0    0    1    0    1    0    0    0    1    0    1    0    0    1    0    0    0    0    0    0    0    1    0    1    
#Delay 3.510000    0    0    0    0    0    0    0    0    0    0    0    0    0    0    0    0    0    0    0    0    0    0    0    0    0    0    0    0    0    0    0    0    0    0    0    0    0    0    0    0    0    0    0    0    0    0    0    0    0    0    0    0    1    0    0    
#Delay 3.760000    0    0    0    0    1    0    0    0    0    1    0    1    0    0    1    1    1    1    0    0    1    0    1    0    0    0    0    1    1    1    0    0    0    1    0    0    0    0    0    1    0    0    0    0    1    0    0    0    0    0    0    0    1    0    1    
#Delay 4.010000    0    0    0    0    0    0    0    0    0    0    0    0    0    0    0    0    0    0    0    0    0    0    0    0    0    0    0    0    0    0    0    0    0    0    0    0    0    0    0    0    0    0    0    0    0    0    0    0    0    0    0    0    0    0    0    
#Delay 4.260000    0    0    0    0    2    0    0    0    0    2    0    2    0    0    2    0    0    0    0    0    1    0    1    0    0    0    0    1    0    2    0    0    0    1    0    0    0    0    0    0    0    0    0    0    1    0    0    0    0    0    0    0    2    0    2    
#Delay 4.510000    0    0    0    0    0    0    0    0    0    0    0    0    0    0    0    0    0    0    0    0    0    0    0    0    0    0    0    0    0    0    0    0    0    0    0    0    0    0    0    0    0    0    0    0    0    0    0    0    0    0    0    0    0    0    0    
#Delay 4.760000    0    0    0    0    0    0    0    0    0    0    0    0    0    0    0    0    0    0    0    0    0    0    0    0    0    0    0    0    0    0    0    0    0    0    0    0    0    0    0    0    0    0    0    0    0    0    0    0    0    0    0    0    0    0    0    
#Delay 5.010000    0    0    0    0    0    0    0    0    0    0    0    0    0    0    0    0    0    0    0    0    0    0    0    0    0    0    0    0    0    0    0    0    0    0    0    0    0    0    0    0    0    0    0    0    0    0    0    0    0    0    0    0    0    0    0    
#Delay 5.260000    0    0    0    0    0    0    0    0    0    0    0    0    0    0    0    0    0    0    0    0    0    0    0    0    0    0    0    0    0    0    0    0    0    0    0    0    0    0    0    0    0    0    0    0    0    0    0    0    0    0    0    0    0    0    0    
#Delay 5.510000    0    0    0    0    0    0    0    0    0    0    0    0    0    0    0    0    0    0    0    0    0    0    0    0    0    0    0    0    0    0    0    0    0    0    0    0    0    0    0    0    0    0    0    0    0    0    0    0    0    0    0    0    0    0    0    
#Delay 5.760000    0    0    0    0    0    0    0    0    0    0    0    0    0    0    0    0    0    0    0    0    0    0    0    0    0    0    0    0    0    0    0    0    0    0    0    0    0    0    0    0    0    0    0    0    0    0    0    0    0    0    0    0    0    0    0    
#Delay 6.010000    0    0    0    0    0    0    0    0    0    0    0    0    0    0    0    0    0    0    0    0    0    0    0    0    0    0    0    0    0    0    0    0    0    0    0    0    0    0    0    0    0    0    0    0    0    0    0    0    0    0    0    0    1    0    1    
#Delay 6.260000    0    0    0    0    0    0    0    0    0    0    0    0    0    0    0    0    0    0    0    0    0    0    0    0    0    0    0    0    0    0    0    0    0    0    0    0    0    0    0    0    0    0    0    0    0    0    0    0    0    0    0    0    2    0    1    
#Delay 6.510000    0    0    0    0    0    0    0    0    0    0    0    0    0    0    0    0    0    0    0    0    0    0    0    0    0    0    0    0    0    0    0    0    0    0    0    0    0    0    0    0    0    0    0    0    0    0    0    0    0    0    0    0    0    0    0    
#Delay 6.760000    0    0    0    0    0    0    0    0    0    0    0    0    0    0    0    0    0    0    0    0    0    0    0    0    0    0    0    0    0    0    0    0    0    0    0    0    0    0    0    0    0    0    0    0    0    0    0    0    0    0    0    0    0    0    0    
#PIXEL  #BOARD  #CHANNEL  #MACROCELL L1  #ALL MACROCELLS  #ATTENUATION
501        1        19        1        1,2,0        14.333000
353        2        23        3        3,4,0        11.459500
569        3        18        7        7,0,0        10.861900
300        4        12        9        6,8,9        12.428700
144        5        14        12        5,11,12        10.990400
182        6        10        15        10,14,15        11.289600
344        7        11        18        13,18,0        12.637700
369        7        28        23        17,19,23        13.080900
78        8        30        27        20,24,27        11.357100
11        9        12        28        16,22,28        12.202200
133        10        15        30        21,25,30        11.603500
478        11        14        31        26,31,0        12.151100
201        12        3        36        29,35,36        11.683200
56        13        11        42        33,37,42        12.134600
91        14        2        45        34,39,45        12.000000
274        15        3        47        38,41,47        12.126400
317        15        26        49        40,46,49        11.254700
211        16        21        53        44,50,53        11.773000
394        17        23        55        48,51,55        11.990500
#Delay 0.010000    1    1    1    0    1    1    1    1    0    1    1    1    1    1    1    1    1    1    1    1    1    1    1    1    1    1    0    1    1    1    1    0    1    0    1    1    1    0    0    1    1    1    0    1    0    1    1    0    0    0    0    0    2    0    1    
#Delay 0.260000    0    0    0    0    0    0    0    0    0    0    0    0    0    0    0    0    0    0    0    0    0    0    0    0    0    0    0    0    0    0    0    0    0    0    0    0    0    0    0    0    0    0    0    0    0    0    0    0    0    0    0    0    0    0    0    
#Delay 0.510000    0    0    0    0    0    0    0    0    0    0    0    0    0    0    0    0    0    0    0    0    0    0    0    0    0    0    0    0    0    0    0    0    0    0    0    0    0    0    0    0    0    0    0    0    0    0    0    0    0    0    0    0    0    0    0    
#Delay 0.760000    0    0    0    0    0    0    0    0    0    0    0    0    0    0    0    0    0    0    0    0    0    0    0    0    0    0    0    0    0    0    0    0    0    0    0    0    0    0    0    0    0    0    0    0    0    0    0    0    0    0    0    0    0    0    0    
#Delay 1.010000    1    1    1    0    1    1    1    1    0    1    1    1    1    1    1    1    1    1    1    1    1    1    1    1    1    1    0    1    1    1    1    0    1    0    1    1    1    0    0    1    1    1    0    1    0    1    1    0    0    0    0    0    1    0    1    
#Delay 1.260000    0    0    0    0    0    0    0    0    0    0    0    0    0    0    0    0    0    0    0    0    0    0    0    0    0    0    0    0    0    0    0    0    0    0    0    0    0    0    0    0    0    0    0    0    0    0    0    0    0    0    0    0    0    0    0    
#Delay 1.510000    0    0    0    0    0    0    0    0    0    0    0    0    0    0    0    0    0    0    0    0    0    0    0    0    0    0    0    0    0    0    0    0    0    0    0    0    0    0    0    0    0    0    0    0    0    0    0    0    0    0    0    0    0    0    0    
#Delay 1.760000    0    0    0    0    0    0    0    0    0    0    0    0    0    0    0    0    0    0    0    0    0    0    0    0    0    0    0    0    0    0    0    0    0    0    0    0    0    0    0    0    0    0    0    0    0    0    0    0    0    0    0    0    0    0    0    
#Delay 2.010000    1    1    1    0    1    1    1    1    0    1    1    1    1    1    1    1    1    1    1    1    1    1    1    1    1    1    0    1    1    1    1    0    1    0    1    1    1    0    0    1    1    1    0    1    0    1    1    0    0    0    0    0    1    0    1    
#Delay 2.260000    1    1    1    0    1    1    0    1    0    1    1    1    1    1    1    1    1    1    1    1    1    1    1    1    1    1    0    1    1    1    1    0    1    0    1    1    1    0    0    1    1    1    0    1    0    1    1    0    0    0    0    0    1    0    1    
#Delay 2.510000    0    0    0    0    0    0    0    0    0    0    0    0    0    0    0    0    0    0    0    0    0    0    0    0    0    0    0    0    0    0    0    0    0    0    0    0    0    0    0    0    0    0    0    0    0    0    0    0    0    0    0    0    1    0    0    
#Delay 2.760000    0    0    0    0    0    0    0    0    0    0    0    0    0    0    0    0    0    0    0    0    0    0    0    0    0    0    0    0    0    0    0    0    0    0    0    0    0    0    0    0    0    0    0    0    0    0    0    0    0    0    0    0    0    0    0    
#Delay 3.010000    0    0    0    0    0    0    0    0    0    0    0    0    0    0    0    0    0    0    0    0    0    0    0    0    0    0    0    0    0    0    0    0    0    0    0    0    0    0    0    0    0    0    0    0    0    0    0    0    0    0    0    0    0    0    0    
#Delay 3.260000    0    0    0    0    0    0    0    0    0    0    0    0    0    0    0    0    0    0    0    0    0    0    0    0    0    0    0    0    0    0    0    0    0    0    0    0    0    0    0    0    0    0    0    0    0    0    0    0    0    0    0    0    1    0    0    
#Delay 3.510000    0    0    0    0    0    0    0    0    0    0    0    0    0    0    0    0    0    0    0    0    0    0    0    0    0    0    0    0    0    0    0    0    0    0    0    0    0    0    0    0    0    0    0    0    0    0    0    0    0    0    0    0    0    0    0    
#Delay 3.760000    0    0    0    0    0    0    0    0    0    0    0    0    0    0    0    0    0    0    0    0    0    0    0    0    0    0    0    0    0    0    0    0    0    0    0    0    0    0    0    0    0    0    0    0    0    0    0    0    0    0    0    0    0    0    0    
#Delay 4.010000    0    0    0    0    0    0    0    0    0    0    0    0    0    0    0    0    1    0    1    0    1    0    1    0    1    0    0    0    0    2    0    0    1    0    0    0    1    0    0    0    1    1    0    0    0    0    1    0    0    0    0    0    1    0    1    
#Delay 4.260000    0    0    0    0    0    0    0    0    0    0    0    0    0    0    0    0    0    0    0    0    0    0    0    0    0    0    0    0    0    0    0    0    0    0    0    0    0    0    0    0    0    0    0    0    0    0    0    0    0    0    0    0    0    0    0    
#Delay 4.510000    0    0    0    0    0    0    0    0    0    0    0    0    0    0    0    0    0    0    0    0    0    0    0    0    0    0    0    0    0    0    0    0    0    0    0    0    0    0    0    0    0    0    0    0    0    0    0    0    0    0    0    0    0    0    0    
#Delay 4.760000    0    0    0    0    0    0    0    0    0    0    0    0    0    0    0    0    0    0    0    0    0    0    0    0    0    0    0    0    0    0    0    0    0    0    0    0    0    0    0    0    0    0    0    0    0    0    0    0    0    0    0    0    1    0    0    
#Delay 5.010000    0    0    0    0    0    0    0    0    0    0    0    0    0    0    0    0    0    0    0    0    0    0    0    0    0    0    0    0    0    0    0    0    0    0    0    0    0    0    0    0    0    0    0    0    0    0    0    0    0    0    0    0    0    0    0    
#Delay 5.260000    0    0    0    0    0    0    0    0    0    0    0    0    0    0    0    0    1    0    0    0    0    0    0    0    0    0    0    0    0    1    0    0    0    0    0    0    0    0    0    0    1    0    0    0    0    0    1    0    0    0    0    0    1    0    1    
#Delay 5.510000    0    0    0    0    0    0    0    0    0    0    0    0    0    0    0    0    0    0    0    0    0    0    0    0    0    0    0    0    0    0    0    0    0    0    0    0    0    0    0    0    0    0    0    0    0    0    0    0    0    0    0    0    1    0    1    
#Delay 5.760000    0    0    0    0    0    0    0    0    0    0    0    0    0    0    0    0    0    0    0    0    0    0    0    0    0    0    0    0    0    0    0    0    0    0    0    0    0    0    0    0    0    0    0    0    0    0    0    0    0    0    0    0    0    0    0    
#Delay 6.010000    0    0    0    0    0    0    0    0    0    0    0    0    0    0    0    0    0    0    0    0    0    0    0    0    0    0    0    0    0    0    0    0    0    0    0    0    0    0    0    0    0    0    0    0    0    0    0    0    0    0    0    0    0    0    0    
#Delay 6.260000    0    0    0    0    0    0    0    0    0    0    0    0    0    0    0    0    0    0    0    0    0    0    0    0    0    0    0    0    0    0    0    0    0    0    0    0    0    0    0    0    0    0    0    0    0    0    0    0    0    0    0    0    0    0    0    
#Delay 6.510000    0    0    0    0    0    0    0    0    0    0    0    0    0    0    0    0    0    0    0    0    0    0    0    0    0    0    0    0    0    0    0    0    0    0    0    0    0    0    0    0    0    0    0    0    0    0    0    0    0    0    0    0    0    0    0    
#Delay 6.760000    0    0    0    0    0    0    0    0    0    0    0    0    0    0    0    0    0    0    0    0    0    0    0    0    0    0    0    0    0    0    0    0    0    0    0    0    0    0    0    0    0    0    0    0    0    0    0    0    0    0    0    0    0    0    0    
#PIXEL  #BOARD  #CHANNEL  #MACROCELL L1  #ALL MACROCELLS  #ATTENUATION
426        1        10        1        1,2,0        14.288100
352        2        22        3        3,4,0        11.301500
568        3        17        7        7,0,0        11.056600
243        4        5        9        8,9,0        11.052700
105        5        13        12        11,12,0        12.000000
181        6        15        15        14,15,0        12.044400
306        7        25        23        19,23,0        11.029500
343        7        16        18        18,0,0        12.383600
51        8        24        27        24,27,0        12.606400
10        9        13        28        22,28,0        12.316800
175        10        20        30        25,30,0        12.611900
156        11        30        36        35,36,0        10.982800
556        11        19        31        31,0,0        12.069100
57        13        6        42        37,42,0        12.009100
127        14        3        45        39,45,0        11.435600
318        15        27        49        46,49,0        11.276900
334        15        9        47        41,47,0        11.361300
265        16        22        53        50,53,0        10.825600
466        17        24        55        51,55,0        12.734000
#Delay 0.010000    0    0    0    0    0    0    0    0    0    0    0    0    0    0    0    0    0    0    0    0    0    0    0    0    0    0    0    0    0    0    0    0    0    0    0    0    0    0    0    0    0    0    0    0    0    0    0    0    0    0    0    0    1    0    0    
#Delay 0.260000    2    2    2    0    0    0    2    2    0    0    0    0    0    2    2    0    0    2    2    0    0    2    2    2    2    0    0    2    0    2    2    0    0    0    2    2    2    0    2    0    2    2    0    0    2    2    2    0    0    0    0    0    2    0    2    
#Delay 0.510000    1    1    1    0    0    0    1    1    0    0    0    0    0    1    1    0    0    1    1    0    0    1    1    1    1    0    0    1    0    1    1    0    0    0    1    1    1    0    1    0    1    1    0    0    1    1    1    0    0    0    0    0    1    0    1    
#Delay 0.760000    0    0    0    0    0    0    0    0    0    0    0    0    0    0    0    0    0    0    0    0    0    0    0    0    0    0    0    0    0    0    0    0    0    0    0    0    0    0    0    0    0    0    0    0    0    0    0    0    0    0    0    0    0    0    0    
#Delay 1.010000    0    0    0    0    0    0    0    0    0    0    0    0    0    0    0    0    0    0    0    0    0    0    0    0    0    0    0    0    0    0    0    0    0    0    0    0    0    0    0    0    0    0    0    0    0    0    0    0    0    0    0    0    0    0    0    
#Delay 1.260000    1    1    1    0    0    0    1    1    0    0    0    0    0    1    1    0    0    1    1    0    0    1    1    1    1    0    0    1    0    1    1    0    0    0    1    1    1    0    1    0    1    1    0    0    1    1    1    0    0    0    0    0    1    0    1    
#Delay 1.510000    0    0    0    0    0    0    0    0    0    0    0    0    0    0    0    0    0    0    0    0    0    0    0    0    0    0    0    0    0    0    0    0    0    0    0    0    0    0    0    0    0    0    0    0    0    0    0    0    0    0    0    0    0    0    0    
#Delay 1.760000    2    2    2    0    0    0    2    2    0    0    0    0    0    2    2    0    0    2    2    0    0    2    2    2    2    0    0    2    0    2    2    0    0    0    2    1    2    0    2    0    2    2    0    0    2    2    2    0    0    0    0    0    2    0    2    
#Delay 2.010000    1    1    1    0    0    0    1    1    0    0    0    0    0    1    1    0    0    1    1    0    0    1    1    1    1    0    0    1    0    1    1    0    0    0    0    0    1    0    1    0    1    1    0    0    1    1    1    0    0    0    0    0    1    0    1    
#Delay 2.260000    0    1    1    0    0    0    1    1    0    0    0    0    0    1    1    0    0    1    1    0    0    1    1    1    1    0    0    1    0    1    1    0    0    0    0    0    1    0    1    0    1    1    0    0    1    1    1    0    0    0    0    0    1    0    1    
#Delay 2.510000    0    0    0    0    0    0    0    0    0    0    0    0    0    0    0    0    0    0    0    0    0    0    0    0    0    0    0    0    0    0    0    0    0    0    0    0    0    0    0    0    0    0    0    0    0    0    0    0    0    0    0    0    0    0    0    
#Delay 2.760000    0    0    0    0    0    0    0    0    0    0    0    0    0    0    0    0    0    0    0    0    0    0    0    0    0    0    0    0    0    0    0    0    0    0    0    0    0    0    0    0    0    0    0    0    0    0    0    0    0    0    0    0    0    0    0    
#Delay 3.010000    0    0    1    0    0    0    1    1    0    0    0    0    0    1    1    0    0    1    1    0    0    1    1    1    0    0    0    1    0    0    1    0    0    0    0    0    1    0    1    0    1    1    0    0    1    1    1    0    0    0    0    0    1    0    1    
#Delay 3.260000    0    0    0    0    0    0    0    0    0    0    0    0    0    0    0    0    0    0    0    0    0    0    0    0    0    0    0    0    0    0    0    0    0    0    0    0    0    0    0    0    0    0    0    0    0    0    0    0    0    0    0    0    0    0    0    
#Delay 3.510000    0    0    0    0    0    0    0    0    0    0    0    0    0    0    0    0    0    0    0    0    0    0    0    0    0    0    0    0    0    0    0    0    0    0    0    0    0    0    0    0    0    0    0    0    0    0    0    0    0    0    0    0    0    0    0    
#Delay 3.760000    0    0    0    0    0    0    0    0    0    0    0    0    0    0    0    0    0    0    0    0    0    0    0    0    0    0    0    0    0    0    0    0    0    0    0    0    0    0    0    0    0    0    0    0    0    0    0    0    0    0    0    0    0    0    0    
#Delay 4.010000    0    0    1    0    0    0    0    0    0    0    0    0    0    0    0    0    0    0    0    0    0    0    0    1    0    0    0    1    0    0    1    0    0    0    0    0    1    0    0    0    1    1    0    0    0    1    1    0    0    0    0    0    1    0    1    
#Delay 4.260000    0    0    0    0    0    0    0    0    0    0    0    0    0    0    0    0    0    0    0    0    0    0    0    0    0    0    0    0    0    0    0    0    0    0    0    0    0    0    0    0    0    0    0    0    0    0    0    0    0    0    0    0    0    0    0    
#Delay 4.510000    0    0    1    0    0    0    0    0    0    0    0    0    0    0    0    0    0    0    0    0    0    0    0    1    0    0    0    0    0    0    0    0    0    0    0    0    1    0    0    0    0    0    0    0    0    0    0    0    0    0    0    0    1    0    1    
#Delay 4.760000    0    0    0    0    0    0    0    0    0    0    0    0    0    0    0    0    0    0    0    0    0    0    0    0    0    0    0    0    0    0    0    0    0    0    0    0    0    0    0    0    0    0    0    0    0    0    0    0    0    0    0    0    0    0    0    
#Delay 5.010000    0    0    0    0    0    0    0    0    0    0    0    0    0    0    0    0    0    0    0    0    0    0    0    0    0    0    0    0    0    0    0    0    0    0    0    0    0    0    0    0    0    0    0    0    0    0    0    0    0    0    0    0    0    0    0    
#Delay 5.260000    0    0    0    0    0    0    0    0    0    0    0    0    0    0    0    0    0    0    0    0    0    0    0    0    0    0    0    0    0    0    0    0    0    0    0    0    0    0    0    0    0    0    0    0    0    0    0    0    0    0    0    0    0    0    0    
#Delay 5.510000    0    0    0    0    0    0    0    0    0    0    0    0    0    0    0    0    0    0    0    0    0    0    0    0    0    0    0    0    0    0    0    0    0    0    0    0    0    0    0    0    0    0    0    0    0    0    0    0    0    0    0    0    0    0    0    
#Delay 5.760000    0    0    0    0    0    0    0    0    0    0    0    0    0    0    0    0    0    0    0    0    0    0    0    0    0    0    0    0    0    0    0    0    0    0    0    0    0    0    0    0    0    0    0    0    0    0    0    0    0    0    0    0    0    0    0    
#Delay 6.010000    0    0    0    0    0    0    0    0    0    0    0    0    0    0    0    0    0    0    0    0    0    0    0    0    0    0    0    0    0    0    0    0    0    0    0    0    0    0    0    0    0    0    0    0    0    0    0    0    0    0    0    0    0    0    0    
#Delay 6.260000    0    0    0    0    0    0    0    0    0    0    0    0    0    0    0    0    0    0    0    0    0    0    0    0    0    0    0    0    0    0    0    0    0    0    0    0    0    0    0    0    0    0    0    0    0    0    0    0    0    0    0    0    0    0    0    
#Delay 6.510000    0    0    0    0    0    0    0    0    0    0    0    0    0    0    0    0    0    0    0    0    0    0    0    0    0    0    0    0    0    0    0    0    0    0    0    0    0    0    0    0    0    0    0    0    0    0    0    0    0    0    0    0    0    0    0    
#Delay 6.760000    0    0    0    0    0    0    0    0    0    0    0    0    0    0    0    0    0    0    0    0    0    0    0    0    0    0    0    0    0    0    0    0    0    0    0    0    0    0    0    0    0    0    0    0    0    0    0    0    0    0    0    0    0    0    0    
#PIXEL  #BOARD  #CHANNEL  #MACROCELL L1  #ALL MACROCELLS  #ATTENUATION
355        1        15        3        2,3,0        14.886000
583        1        26        1        1,0,0        14.795200
491        3        14        7        4,7,0        12.482100
364        4        19        9        6,9,0        10.993200
140        5        30        15        10,11,15        11.718500
190        5        11        12        5,8,12        11.987100
284        6        30        18        13,14,18        11.029300
514        8        3        23        17,23,0        12.716100
13        9        16        28        16,24,28        12.093100
151        9        5        27        19,20,27        11.321500
66        10        10        30        21,22,30        11.249400
339        11        7        31        25,26,31        12.125700
310        12        16        36        29,32,36        12.420800
83        13        23        42        33,35,42        11.557200
60        14        5        45        34,37,45        10.882400
171        14        29        47        38,39,47        11.876400
380        15        28        49        40,43,49        11.845200
209        16        24        53        44,46,53        11.802900
327        17        18        55        48,50,55        10.902600
#Delay 0.010000    1    1    1    0    1    1    1    1    0    1    1    1    1    1    1    1    1    1    1    1    1    1    1    1    1    1    0    1    1    1    1    1    1    1    1    1    1    0    1    1    0    1    1    1    1    1    1    0    0    0    0    0    1    0    1    
#Delay 0.260000    0    0    0    0    0    0    0    0    0    0    0    0    0    0    0    0    0    0    0    0    0    0    0    0    0    0    0    0    0    0    0    0    0    0    0    0    0    0    0    0    0    0    0    0    0    0    0    0    0    0    0    0    0    0    0    
#Delay 0.510000    0    0    0    0    0    0    0    0    0    0    0    0    0    0    0    0    0    0    0    0    0    0    0    0    0    0    0    0    0    0    0    0    0    0    0    0    0    0    0    0    0    0    0    0    0    0    0    0    0    0    0    0    0    0    0    
#Delay 0.760000    0    0    0    0    0    0    0    0    0    0    0    0    0    0    0    0    0    0    0    0    0    0    0    0    0    0    0    0    0    0    0    0    0    0    0    0    0    0    0    0    0    0    0    0    0    0    0    0    0    0    0    0    0    0    0    
#Delay 1.010000    1    0    0    0    1    1    1    1    0    1    1    1    1    1    1    1    1    1    1    1    1    1    1    1    1    1    0    1    1    1    1    1    1    1    1    1    1    0    1    1    0    1    1    1    1    1    1    0    0    0    0    0    1    0    1    
#Delay 1.260000    1    1    1    0    1    1    1    1    0    1    1    1    1    1    1    1    1    1    1    1    1    1    1    1    1    1    0    1    1    1    1    1    1    1    1    1    1    0    1    1    0    1    1    1    1    1    1    0    0    0    0    0    1    0    1    
#Delay 1.510000    0    0    0    0    0    0    0    0    0    0    0    0    0    0    0    0    0    0    0    0    0    0    0    0    0    0    0    0    0    0    0    0    0    0    0    0    0    0    0    0    0    0    0    0    0    0    0    0    0    0    0    0    0    0    0    
#Delay 1.760000    0    0    0    0    0    0    0    0    0    0    0    0    0    0    0    0    0    0    0    0    0    0    0    0    0    0    0    0    0    0    0    0    0    0    0    0    0    0    0    0    0    0    0    0    0    0    0    0    0    0    0    0    0    0    0    
#Delay 2.010000    0    0    0    0    0    0    0    0    0    0    0    0    0    0    0    0    0    0    0    0    0    0    0    0    0    0    0    0    0    0    0    0    0    0    0    0    0    0    0    0    0    0    0    0    0    0    0    0    0    0    0    0    0    0    0    
#Delay 2.260000    0    0    0    0    0    0    0    0    0    0    0    0    0    0    0    0    0    0    0    0    0    0    0    0    0    0    0    0    0    0    0    0    0    0    0    0    0    0    0    0    0    0    0    0    0    0    0    0    0    0    0    0    0    0    0    
#Delay 2.510000    0    0    0    0    0    0    0    0    0    0    0    0    0    0    0    0    0    0    0    0    0    0    0    0    0    0    0    0    0    0    0    0    0    0    0    0    0    0    0    0    0    0    0    0    0    0    0    0    0    0    0    0    0    0    0    
#Delay 2.760000    0    0    0    0    0    0    0    0    0    0    0    0    0    0    0    0    0    0    0    0    0    0    0    0    0    0    0    0    0    0    0    0    0    0    0    0    0    0    0    0    0    0    0    0    0    0    0    0    0    0    0    0    0    0    0    
#Delay 3.010000    0    0    0    0    0    0    0    0    0    0    0    0    0    0    0    0    0    0    0    0    0    0    0    0    0    0    0    0    0    0    0    0    0    0    0    0    0    0    0    0    0    0    0    0    0    0    0    0    0    0    0    0    0    0    0    
#Delay 3.260000    0    0    0    0    0    0    0    0    0    0    0    0    0    0    0    0    0    0    0    0    0    0    0    0    0    0    0    0    0    0    0    0    0    0    0    0    0    0    0    0    0    0    0    0    0    0    0    0    0    0    0    0    0    0    0    
#Delay 3.510000    0    0    0    0    0    0    0    0    0    0    0    0    0    0    0    0    0    0    0    0    0    0    0    0    0    0    0    0    0    0    0    0    0    0    0    0    0    0    0    0    0    0    0    0    0    0    0    0    0    0    0    0    0    0    0    
#Delay 3.760000    0    0    0    0    0    1    1    0    0    0    0    1    0    0    0    0    1    0    0    0    1    1    0    0    0    1    0    0    1    1    0    0    0    0    0    0    0    0    0    0    0    0    0    0    0    0    0    0    0    0    0    0    1    0    1    
#Delay 4.010000    0    0    0    0    0    0    0    0    0    0    0    0    0    0    0    0    0    0    0    0    0    0    0    0    0    0    0    0    0    0    0    0    0    0    0    0    0    0    0    0    0    0    0    0    0    0    0    0    0    0    0    0    0    0    0    
#Delay 4.260000    0    0    0    0    0    0    0    0    0    0    0    0    0    0    0    0    0    0    0    0    0    0    0    0    0    0    0    0    0    0    0    0    0    0    0    0    0    0    0    0    0    0    0    0    0    0    0    0    0    0    0    0    0    0    0    
#Delay 4.510000    0    0    0    0    0    0    0    0    0    0    0    0    0    0    0    0    0    0    0    0    0    0    0    0    0    0    0    0    0    0    0    0    0    0    0    0    0    0    0    0    0    0    0    0    0    0    0    0    0    0    0    0    0    0    0    
#Delay 4.760000    0    0    0    0    0    1    0    0    0    0    0    0    0    0    0    0    0    0    0    0    0    1    0    0    0    0    0    0    0    1    0    0    0    0    0    0    0    0    0    0    0    0    0    0    0    0    0    0    0    0    0    0    1    0    1    
#Delay 5.010000    0    0    0    0    0    0    0    0    0    0    0    0    0    0    0    0    0    0    0    0    0    0    0    0    0    0    0    0    0    0    0    0    0    0    0    0    0    0    0    0    0    0    0    0    0    0    0    0    0    0    0    0    0    0    0    
#Delay 5.260000    0    0    0    0    0    0    0    0    0    0    0    0    0    0    0    0    0    0    0    0    0    0    0    0    0    0    0    0    0    0    0    0    0    0    0    0    0    0    0    0    0    0    0    0    0    0    0    0    0    0    0    0    0    0    0    
#Delay 5.510000    0    0    0    0    0    0    0    0    0    0    0    0    0    0    0    0    0    0    0    0    0    0    0    0    0    0    0    0    0    0    0    0    0    0    0    0    0    0    0    0    0    0    0    0    0    0    0    0    0    0    0    0    0    0    0    
#Delay 5.760000    0    0    0    0    0    0    0    0    0    0    0    0    0    0    0    0    0    0    0    0    0    0    0    0    0    0    0    0    0    0    0    0    0    0    0    0    0    0    0    0    0    0    0    0    0    0    0    0    0    0    0    0    0    0    0    
#Delay 6.010000    0    0    0    0    0    0    0    0    0    0    0    0    0    0    0    0    0    0    0    0    0    0    0    0    0    0    0    0    0    0    0    0    0    0    0    0    0    0    0    0    0    0    0    0    0    0    0    0    0    0    0    0    0    0    0    
#Delay 6.260000    0    0    0    0    0    0    0    0    0    0    0    0    0    0    0    0    0    0    0    0    0    0    0    0    0    0    0    0    0    0    0    0    0    0    0    0    0    0    0    0    0    0    0    0    0    0    0    0    0    0    0    0    0    0    0    
#Delay 6.510000    0    0    0    0    0    0    0    0    0    0    0    0    0    0    0    0    0    0    0    0    0    0    0    0    0    0    0    0    0    0    0    0    0    0    0    0    0    0    0    0    0    0    0    0    0    0    0    0    0    0    0    0    0    0    0    
#Delay 6.760000    0    0    0    0    0    0    0    0    0    0    0    0    0    0    0    0    0    0    0    0    0    0    0    0    0    0    0    0    0    0    0    0    0    0    0    0    0    0    0    0    0    0    0    0    0    0    0    0    0    0    0    0    1    0    0    
#PIXEL  #BOARD  #CHANNEL  #MACROCELL L1  #ALL MACROCELLS  #ATTENUATION
502        1        20        1        1,0,0        14.947500
292        2        20        3        3,0,0        13.083900
490        3        13        7        7,0,0        10.990500
301        4        13        9        6,9,0        10.588000
145        5        10        12        5,12,0        11.248700
139        6        3        15        10,15,0        13.253400
283        7        4        18        13,18,0        12.371100
405        7        19        31        26,31,0        12.147900
112        8        31        27        20,27,0        12.128400
439        8        1        23        17,23,0        10.919000
4        9        17        28        16,28,0        10.204700
96        10        14        30        21,30,0        12.151100
253        12        10        36        29,36,0        11.772100
84        13        17        42        33,42,0        11.968500
90        14        6        45        34,45,0        11.259200
219        15        2        47        38,47,0        11.544600
381        15        29        49        40,49,0        10.532500
210        16        25        53        44,53,0        11.325500
393        17        22        55        48,55,0        11.891600
#Delay 0.010000    0    0    0    0    0    0    0    0    0    0    0    0    0    0    0    0    0    0    0    0    0    0    0    0    0    0    0    0    0    0    0    0    0    0    0    0    0    0    0    0    0    0    0    0    0    0    0    0    0    0    0    0    0    0    0    
#Delay 0.260000    0    0    0    0    0    0    0    0    0    0    0    0    0    0    0    0    0    0    0    0    0    0    0    0    0    0    0    0    0    0    0    0    0    0    0    0    0    0    0    0    0    0    0    0    0    0    0    0    0    0    0    0    0    0    0    
#Delay 0.510000    0    0    0    0    0    0    0    0    0    0    0    0    0    0    0    0    0    0    0    0    0    0    0    0    0    0    0    0    0    0    0    0    0    0    0    0    0    0    0    0    0    0    0    0    0    0    0    0    0    0    0    0    0    0    0    
#Delay 0.760000    0    0    0    0    0    0    0    0    0    0    0    0    0    0    0    0    0    0    0    0    0    0    0    0    0    0    0    0    0    0    0    0    0    0    0    0    0    0    0    0    0    0    0    0    0    0    0    0    0    0    0    0    0    0    0    
#Delay 1.010000    0    0    1    0    0    1    1    0    0    0    0    1    1    0    1    1    1    1    0    1    1    0    0    0    0    0    0    0    0    0    0    0    0    0    0    0    0    0    0    0    0    0    0    0    0    0    0    0    0    0    0    0    0    0    0    
#Delay 1.260000    0    0    0    0    0    0    0    0    0    0    0    0    0    0    0    0    0    0    0    0    0    0    0    0    0    0    0    0    0    0    0    0    0    0    0    0    0    0    0    0    0    0    0    0    0    0    0    0    0    0    0    0    0    0    0    
#Delay 1.510000    0    0    0    0    0    0    0    0    0    0    0    0    0    0    0    0    0    0    0    0    0    0    0    0    0    0    0    0    0    0    0    0    0    0    0    0    0    0    0    0    0    0    0    0    0    0    0    0    0    0    0    0    0    0    0    
#Delay 1.760000    0    0    0    0    0    0    0    0    0    0    0    0    0    0    0    0    0    0    0    0    0    0    0    0    0    0    0    0    0    0    0    0    0    0    0    0    0    0    0    0    0    0    0    0    0    0    0    0    0    0    0    0    0    0    0    
#Delay 2.010000    0    0    0    0    0    0    0    0    0    0    0    0    0    0    0    0    0    0    0    0    0    0    0    0    0    0    0    0    0    0    0    0    0    0    0    0    0    0    0    0    0    0    0    0    0    0    0    0    0    0    0    0    0    0    0    
#Delay 2.260000    0    0    0    0    0    0    0    0    0    0    0    0    0    0    0    0    0    0    0    0    0    0    0    0    0    0    0    0    0    0    0    0    0    0    0    0    0    0    0    0    0    0    0    0    0    0    0    0    0    0    0    0    0    0    0    
#Delay 2.510000    0    0    0    0    0    0    0    0    0    0    0    0    0    0    0    0    0    0    0    0    0    0    0    0    0    0    0    0    0    0    0    0    0    0    0    0    0    0    0    0    0    0    0    0    0    0    0    0    0    0    0    0    0    0    0    
#Delay 2.760000    0    0    0    0    0    0    0    0    0    0    0    0    0    0    0    0    0    0    0    0    0    0    0    0    0    0    0    0    0    0    0    0    0    0    0    0    0    0    0    0    0    0    0    0    0    0    0    0    0    0    0    0    0    0    0    
#Delay 3.010000    0    0    0    0    0    0    0    0    0    0    0    0    0    0    0    0    0    0    0    0    0    0    0    0    0    0    0    0    0    0    0    0    0    0    0    0    0    0    0    0    0    0    0    0    0    0    0    0    0    0    0    0    0    0    0    
#Delay 3.260000    0    0    0    0    0    0    0    0    0    0    0    0    0    0    0    0    0    0    0    0    0    0    0    0    0    0    0    0    0    0    0    0    0    0    0    0    0    0    0    0    0    0    0    0    0    0    0    0    0    0    0    0    0    0    0    
#Delay 3.510000    0    0    0    0    0    0    0    0    0    0    0    0    0    0    0    0    0    0    0    0    0    0    0    0    0    0    0    0    0    0    0    0    0    0    0    0    0    0    0    0    0    0    0    0    0    0    0    0    0    0    0    0    0    0    0    
#Delay 3.760000    0    0    0    0    0    0    0    0    0    0    0    0    0    0    0    0    0    0    0    0    0    0    0    0    0    0    0    0    0    0    0    0    0    0    0    0    0    0    0    0    0    0    0    0    0    0    0    0    0    0    0    0    0    0    0    
#Delay 4.010000    0    0    0    0    0    0    0    0    0    0    0    0    0    0    0    0    0    0    0    0    0    0    0    0    0    0    0    0    0    0    0    0    0    0    0    0    0    0    0    0    0    0    0    0    0    0    0    0    0    0    0    0    0    0    0    
#Delay 4.260000    0    0    0    0    0    0    0    0    0    0    0    0    0    0    0    0    0    0    0    0    0    0    0    0    0    0    0    0    0    0    0    0    0    0    0    0    0    0    0    0    0    0    0    0    0    0    0    0    0    0    0    0    0    0    0    
#Delay 4.510000    0    0    0    0    0    0    0    0    0    0    0    0    0    0    0    0    0    0    0    0    0    0    0    0    0    0    0    0    0    0    0    0    0    0    0    0    0    0    0    0    0    0    0    0    0    0    0    0    0    0    0    0    0    0    0    
#Delay 4.760000    0    0    0    0    0    0    0    0    0    0    0    0    0    0    0    0    0    0    0    0    0    0    0    0    0    0    0    0    0    0    0    0    0    0    0    0    0    0    0    0    0    0    0    0    0    0    0    0    0    0    0    0    0    0    0    
#Delay 5.010000    0    0    0    0    0    0    0    0    0    0    0    0    0    0    0    0    0    0    0    0    0    0    0    0    0    0    0    0    0    1    0    0    0    0    0    0    0    0    0    0    0    0    0    0    0    0    0    0    0    0    0    0    1    0    1    
#Delay 5.260000    0    0    0    0    0    0    0    0    0    0    0    0    0    0    0    0    0    0    0    0    0    0    0    0    0    0    0    0    0    0    0    0    0    0    0    0    0    0    0    0    0    0    0    0    0    0    0    0    0    0    0    0    0    0    0    
#Delay 5.510000    0    0    0    0    0    0    0    0    0    0    0    0    0    0    0    0    0    0    0    0    0    0    0    0    0    0    0    0    0    0    0    0    0    0    0    0    0    0    0    0    0    0    0    0    0    0    0    0    0    0    0    0    0    0    0    
#Delay 5.760000    0    0    0    0    0    0    0    0    0    0    0    0    0    0    0    0    0    0    0    0    0    0    0    0    0    0    0    0    0    0    0    0    0    0    0    0    0    0    0    0    0    0    0    0    0    0    0    0    0    0    0    0    0    0    0    
#Delay 6.010000    0    0    0    0    0    0    0    0    0    0    0    0    0    0    0    0    0    0    0    0    0    0    0    0    0    0    0    0    0    0    0    0    0    0    0    0    0    0    0    0    0    0    0    0    0    0    0    0    0    0    0    0    0    0    0    
#Delay 6.260000    0    0    0    0    0    0    0    0    0    0    0    0    0    0    0    0    0    0    0    0    0    0    0    0    0    0    0    0    0    0    0    0    0    0    0    0    0    0    0    0    0    0    0    0    0    0    0    0    0    0    0    0    0    0    0    
#Delay 6.510000    0    0    0    0    0    0    0    0    0    0    0    0    0    0    0    0    0    0    0    0    0    0    0    0    0    0    0    0    0    0    0    0    0    0    0    0    0    0    0    0    0    0    0    0    0    0    0    0    0    0    0    0    0    0    0    
#Delay 6.760000    0    0    0    0    0    0    0    0    0    0    0    0    0    0    0    0    0    0    0    0    0    0    0    0    0    0    0    0    0    0    0    0    0    0    0    0    0    0    0    0    0    0    0    0    0    0    0    0    0    0    0    0    0    0    0    
#PIXEL  #BOARD  #CHANNEL  #MACROCELL L1  #ALL MACROCELLS  #ATTENUATION
427        1        11        1        1,2,0        14.883400
291        2        19        3        3,4,0        11.905200
489        3        12        7        7,0,0        12.748700
244        4        6        9        8,9,0        11.273700
106        5        9        12        11,12,0        11.633900
138        6        9        15        14,15,0        11.736600
282        7        10        18        18,0,0        11.221500
370        7        29        23        19,23,0        11.207000
79        8        25        27        24,27,0        12.952500
3        9        18        28        22,28,0        11.301100
132        10        19        30        25,30,0        12.378000
477        11        13        31        31,0,0        12.062300
202        12        4        36        35,36,0        12.146300
85        13        12        42        37,42,0        12.845700
126        14        7        45        39,45,0        12.051800
273        15        8        47        41,47,0        12.608100
382        15        30        49        46,49,0        10.842600
264        16        26        53        50,53,0        10.790800
465        17        29        55        51,55,0        11.496700
#Delay 0.010000    0    0    0    0    0    0    0    0    0    0    0    0    0    0    0    0    0    0    0    0    0    0    0    0    0    0    0    0    0    0    0    0    0    0    0    0    0    0    0    0    0    0    0    0    0    0    0    0    0    0    0    0    0    0    0    
#Delay 0.260000    0    0    0    0    0    0    0    0    0    0    0    0    0    0    0    0    0    0    0    0    0    0    0    0    0    0    0    0    0    0    0    0    0    0    0    0    0    0    0    0    0    0    0    0    0    0    0    0    0    0    0    0    0    0    0    
#Delay 0.510000    0    0    0    0    0    0    0    0    0    0    0    0    0    0    0    0    0    0    0    0    0    0    0    0    0    0    0    0    0    0    0    0    0    0    0    0    0    0    0    0    0    0    0    0    0    0    0    0    0    0    0    0    0    0    0    
#Delay 0.760000    0    0    0    0    0    0    0    0    0    0    0    0    0    0    0    0    0    0    0    0    0    0    0    0    0    0    0    0    0    0    0    0    0    0    0    0    0    0    0    0    0    0    0    0    0    0    0    0    0    0    0    0    0    0    0    
#Delay 1.010000    0    0    0    0    0    0    0    0    0    0    0    0    0    0    0    0    0    0    0    0    0    0    0    0    0    0    0    0    0    0    0    0    0    0    0    0    0    0    0    0    0    0    0    0    0    0    0    0    0    0    0    0    0    0    0    
#Delay 1.260000    0    0    0    0    0    0    0    0    0    0    0    0    0    0    0    0    0    0    0    0    0    0    0    0    0    0    0    0    0    0    0    0    0    0    0    0    0    0    0    0    0    0    0    0    0    0    0    0    0    0    0    0    0    0    0    
#Delay 1.510000    0    0    0    0    0    0    0    0    0    0    0    0    0    0    0    0    0    0    0    0    0    0    0    0    0    0    0    0    0    0    0    0    0    0    0    0    0    0    0    0    0    0    0    0    0    0    0    0    0    0    0    0    0    0    0    
#Delay 1.760000    0    0    0    0    0    0    0    0    0    0    0    0    0    0    0    0    0    0    0    0    0    0    0    0    0    0    0    0    0    0    0    0    0    0    0    0    0    0    0    0    0    0    0    0    0    0    0    0    0    0    0    0    0    0    0    
#Delay 2.010000    0    0    0    0    0    0    0    0    0    0    0    0    0    0    0    0    0    0    0    0    0    0    0    0    0    0    0    0    0    0    0    0    0    0    0    0    0    0    0    0    0    0    0    0    0    0    0    0    0    0    0    0    0    0    0    
#Delay 2.260000    0    0    0    0    0    0    0    0    0    0    0    0    0    0    0    0    0    0    0    0    0    0    0    0    0    0    0    0    0    0    0    0    0    0    0    0    0    0    0    0    0    0    0    0    0    0    0    0    0    0    0    0    0    0    0    
#Delay 2.510000    1    1    1    0    0    0    1    1    0    0    1    1    0    1    1    0    0    1    1    0    0    1    1    1    1    0    0    1    0    1    1    0    0    0    1    1    1    0    1    0    1    1    0    0    1    1    1    0    0    0    0    0    1    0    1    
#Delay 2.760000    0    0    0    0    0    0    0    0    0    0    0    0    0    0    0    0    0    0    0    0    0    0    0    0    0    0    0    0    0    0    0    0    0    0    0    0    0    0    0    0    0    0    0    0    0    0    0    0    0    0    0    0    0    0    0    
#Delay 3.010000    0    0    0    0    0    0    0    0    0    0    0    0    0    0    0    0    0    0    0    0    0    0    0    0    0    0    0    0    0    0    0    0    0    0    0    0    0    0    0    0    0    0    0    0    0    0    0    0    0    0    0    0    0    0    0    
#Delay 3.260000    0    0    0    0    0    0    0    0    0    0    0    0    0    0    0    0    0    0    0    0    0    0    0    0    0    0    0    0    0    0    0    0    0    0    0    0    0    0    0    0    0    0    0    0    0    0    0    0    0    0    0    0    0    0    0    
#Delay 3.510000    0    0    0    0    0    0    0    0    0    0    0    0    0    0    0    0    0    0    0    0    0    0    0    0    0    0    0    0    0    0    0    0    0    0    0    0    0    0    0    0    0    0    0    0    0    0    0    0    0    0    0    0    0    0    0    
