#PIXEL    #BOARD   #CHANNEL     #MACROCELL L2    #ALL MACROCELLS
360        1        6        8        1,8,0
186        2        9        11        3,11,0
348        3        5        14        7,14,0
75        4        30        24        12,24,0
246        4        2        19        9,19,0
69        6        1        22        15,22,0
226        7        2        25        18,25,0
114        8        22        35        27,35,0
7        9        32        37        28,37,0
94        10        23        39        30,39,0
403        11        9        41        31,41,0
313        12        12        43        36,43,0
441        12        27        32        23,32,0
160        13        19        46        42,46,0
166        14        18        50        45,50,0
331        15        13        51        47,51,0
#Delay 0.010000    0    0    0    0    0    0    0    0    0    0    0    0    0    0    0    0    0    0    0    0    0    0    0    0    0    0    0    0    0    0    0    0    0    0    0    0    0    0    0    0    0    0    0    0    0    0    0    0    0    0    0    0    0    0    0    
#Macrocel    #Delay[s]    #Rate[Hz]
1    -0.500000    0    
2    -0.500000    0    
3    -0.500000    0    
4    -0.500000    0    
5    -0.500000    0    
6    -0.500000    0    
7    -0.500000    0    
8    -0.500000    0    
9    -0.500000    0    
10    -0.500000    0    
11    -0.500000    0    
12    -0.500000    0    
13    -0.500000    0    
14    -0.500000    0    
15    -0.500000    0    
16    -0.500000    0    
17    -0.500000    0    
18    -0.500000    0    
19    -0.500000    0    
20    -0.500000    0    
21    -0.500000    0    
22    -0.500000    0    
23    -0.500000    0    
24    -0.500000    0    
25    -0.500000    0    
26    -0.500000    0    
27    -0.500000    0    
28    -0.500000    0    
29    -0.500000    0    
30    -0.500000    0    
31    -0.500000    0    
32    -0.500000    0    
33    -0.500000    0    
34    -0.500000    0    
35    -0.500000    0    
36    -0.500000    0    
37    -0.500000    0    
38    -0.500000    0    
39    -0.500000    0    
40    -0.500000    0    
41    -0.500000    0    
42    -0.500000    0    
43    -0.500000    0    
44    -0.500000    0    
45    -0.500000    0    
46    -0.500000    0    
47    -0.500000    0    
48    -0.500000    0    
49    -0.500000    0    
50    -0.500000    0    
51    -0.500000    0    
52    -0.500000    0    
53    -0.500000    0    
54    -0.500000    0    
55    -0.500000    0    

#Macrocel    #Delay[s]    #Rate[Hz]
1    -0.450000    0    
2    -0.450000    0    
3    -0.450000    0    
4    -0.450000    0    
5    -0.450000    0    
6    -0.450000    0    
7    -0.450000    0    
8    -0.450000    0    
9    -0.450000    0    
10    -0.450000    0    
11    -0.450000    0    
12    -0.450000    0    
13    -0.450000    0    
14    -0.450000    0    
15    -0.450000    0    
16    -0.450000    0    
17    -0.450000    0    
18    -0.450000    0    
19    -0.450000    0    
20    -0.450000    0    
21    -0.450000    0    
22    -0.450000    0    
23    -0.450000    0    
24    -0.450000    0    
25    -0.450000    0    
26    -0.450000    0    
27    -0.450000    0    
28    -0.450000    0    
29    -0.450000    0    
30    -0.450000    0    
31    -0.450000    0    
32    -0.450000    0    
33    -0.450000    0    
34    -0.450000    0    
35    -0.450000    0    
36    -0.450000    0    
37    -0.450000    0    
38    -0.450000    0    
39    -0.450000    0    
40    -0.450000    0    
41    -0.450000    0    
42    -0.450000    0    
43    -0.450000    0    
44    -0.450000    0    
45    -0.450000    0    
46    -0.450000    0    
47    -0.450000    0    
48    -0.450000    0    
49    -0.450000    0    
50    -0.450000    0    
51    -0.450000    0    
52    -0.450000    0    
53    -0.450000    0    
54    -0.450000    0    
55    -0.450000    0    

#Macrocel    #Delay[s]    #Rate[Hz]
1    -0.400000    0    
2    -0.400000    0    
3    -0.400000    0    
4    -0.400000    0    
5    -0.400000    0    
6    -0.400000    0    
7    -0.400000    0    
8    -0.400000    0    
9    -0.400000    0    
10    -0.400000    0    
11    -0.400000    0    
12    -0.400000    0    
13    -0.400000    0    
14    -0.400000    0    
15    -0.400000    0    
16    -0.400000    0    
17    -0.400000    0    
18    -0.400000    0    
19    -0.400000    0    
20    -0.400000    0    
21    -0.400000    0    
22    -0.400000    0    
23    -0.400000    0    
24    -0.400000    0    
25    -0.400000    0    
26    -0.400000    0    
27    -0.400000    0    
28    -0.400000    0    
29    -0.400000    0    
30    -0.400000    0    
31    -0.400000    0    
32    -0.400000    0    
33    -0.400000    0    
34    -0.400000    0    
35    -0.400000    0    
36    -0.400000    0    
37    -0.400000    0    
38    -0.400000    0    
39    -0.400000    0    
40    -0.400000    0    
41    -0.400000    0    
42    -0.400000    0    
43    -0.400000    0    
44    -0.400000    0    
45    -0.400000    0    
46    -0.400000    0    
47    -0.400000    0    
48    -0.400000    0    
49    -0.400000    0    
50    -0.400000    0    
51    -0.400000    0    
52    -0.400000    0    
53    -0.400000    0    
54    -0.400000    0    
55    -0.400000    0    

#Macrocel    #Delay[s]    #Rate[Hz]
1    -0.350000    0    
2    -0.350000    0    
3    -0.350000    0    
4    -0.350000    0    
5    -0.350000    0    
6    -0.350000    0    
7    -0.350000    0    
8    -0.350000    0    
9    -0.350000    0    
10    -0.350000    0    
11    -0.350000    0    
12    -0.350000    0    
13    -0.350000    0    
14    -0.350000    0    
15    -0.350000    0    
16    -0.350000    0    
17    -0.350000    0    
18    -0.350000    0    
19    -0.350000    0    
20    -0.350000    0    
21    -0.350000    0    
22    -0.350000    0    
23    -0.350000    0    
24    -0.350000    0    
25    -0.350000    0    
26    -0.350000    0    
27    -0.350000    0    
28    -0.350000    0    
29    -0.350000    0    
30    -0.350000    0    
31    -0.350000    0    
32    -0.350000    0    
33    -0.350000    0    
34    -0.350000    0    
35    -0.350000    0    
36    -0.350000    0    
37    -0.350000    0    
38    -0.350000    0    
39    -0.350000    0    
40    -0.350000    0    
41    -0.350000    0    
42    -0.350000    0    
43    -0.350000    0    
44    -0.350000    0    
45    -0.350000    0    
46    -0.350000    0    
47    -0.350000    0    
48    -0.350000    0    
49    -0.350000    0    
50    -0.350000    0    
51    -0.350000    0    
52    -0.350000    0    
53    -0.350000    0    
54    -0.350000    0    
55    -0.350000    0    

#Macrocel    #Delay[s]    #Rate[Hz]
1    -0.300000    0    
2    -0.300000    0    
3    -0.300000    0    
4    -0.300000    0    
5    -0.300000    0    
6    -0.300000    0    
7    -0.300000    0    
8    -0.300000    0    
9    -0.300000    0    
10    -0.300000    0    
11    -0.300000    0    
12    -0.300000    0    
13    -0.300000    0    
14    -0.300000    0    
15    -0.300000    0    
16    -0.300000    0    
17    -0.300000    0    
18    -0.300000    0    
19    -0.300000    0    
20    -0.300000    0    
21    -0.300000    0    
22    -0.300000    0    
23    -0.300000    0    
24    -0.300000    0    
25    -0.300000    0    
26    -0.300000    0    
27    -0.300000    0    
28    -0.300000    0    
29    -0.300000    0    
30    -0.300000    0    
31    -0.300000    0    
32    -0.300000    0    
33    -0.300000    0    
34    -0.300000    0    
35    -0.300000    0    
36    -0.300000    0    
37    -0.300000    0    
38    -0.300000    0    
39    -0.300000    0    
40    -0.300000    0    
41    -0.300000    0    
42    -0.300000    0    
43    -0.300000    0    
44    -0.300000    0    
45    -0.300000    0    
46    -0.300000    0    
47    -0.300000    0    
48    -0.300000    0    
49    -0.300000    0    
50    -0.300000    0    
51    -0.300000    0    
52    -0.300000    0    
53    -0.300000    0    
54    -0.300000    0    
55    -0.300000    0    

#Macrocel    #Delay[s]    #Rate[Hz]
1    -0.250000    0    
2    -0.250000    0    
3    -0.250000    0    
4    -0.250000    0    
5    -0.250000    0    
6    -0.250000    0    
7    -0.250000    0    
8    -0.250000    0    
9    -0.250000    0    
10    -0.250000    0    
11    -0.250000    0    
12    -0.250000    0    
13    -0.250000    0    
14    -0.250000    0    
15    -0.250000    0    
16    -0.250000    0    
17    -0.250000    0    
18    -0.250000    0    
19    -0.250000    0    
20    -0.250000    0    
21    -0.250000    0    
22    -0.250000    0    
23    -0.250000    0    
24    -0.250000    0    
25    -0.250000    0    
26    -0.250000    0    
27    -0.250000    0    
28    -0.250000    0    
29    -0.250000    0    
30    -0.250000    0    
31    -0.250000    0    
32    -0.250000    0    
33    -0.250000    0    
34    -0.250000    0    
35    -0.250000    0    
36    -0.250000    0    
37    -0.250000    0    
38    -0.250000    0    
39    -0.250000    0    
40    -0.250000    0    
41    -0.250000    0    
42    -0.250000    0    
43    -0.250000    0    
44    -0.250000    0    
45    -0.250000    0    
46    -0.250000    0    
47    -0.250000    0    
48    -0.250000    0    
49    -0.250000    0    
50    -0.250000    0    
51    -0.250000    0    
52    -0.250000    0    
53    -0.250000    0    
54    -0.250000    0    
55    -0.250000    0    

#Macrocel    #Delay[s]    #Rate[Hz]
1    -0.200000    0    
2    -0.200000    0    
3    -0.200000    0    
4    -0.200000    0    
5    -0.200000    0    
6    -0.200000    0    
7    -0.200000    0    
8    -0.200000    0    
9    -0.200000    0    
10    -0.200000    0    
11    -0.200000    0    
12    -0.200000    0    
13    -0.200000    0    
14    -0.200000    0    
15    -0.200000    0    
16    -0.200000    0    
17    -0.200000    0    
18    -0.200000    0    
19    -0.200000    0    
20    -0.200000    0    
21    -0.200000    0    
22    -0.200000    0    
23    -0.200000    0    
24    -0.200000    0    
25    -0.200000    0    
26    -0.200000    0    
27    -0.200000    0    
28    -0.200000    0    
29    -0.200000    0    
30    -0.200000    0    
31    -0.200000    0    
32    -0.200000    0    
33    -0.200000    0    
34    -0.200000    0    
35    -0.200000    0    
36    -0.200000    0    
37    -0.200000    0    
38    -0.200000    0    
39    -0.200000    0    
40    -0.200000    0    
41    -0.200000    0    
42    -0.200000    0    
43    -0.200000    0    
44    -0.200000    0    
45    -0.200000    0    
46    -0.200000    0    
47    -0.200000    0    
48    -0.200000    0    
49    -0.200000    0    
50    -0.200000    0    
51    -0.200000    0    
52    -0.200000    0    
53    -0.200000    0    
54    -0.200000    0    
55    -0.200000    0    

#Macrocel    #Delay[s]    #Rate[Hz]
1    -0.150000    0    
2    -0.150000    0    
3    -0.150000    0    
4    -0.150000    0    
5    -0.150000    0    
6    -0.150000    0    
7    -0.150000    0    
8    -0.150000    0    
9    -0.150000    0    
10    -0.150000    0    
11    -0.150000    0    
12    -0.150000    0    
13    -0.150000    0    
14    -0.150000    0    
15    -0.150000    0    
16    -0.150000    0    
17    -0.150000    0    
18    -0.150000    0    
19    -0.150000    0    
20    -0.150000    0    
21    -0.150000    0    
22    -0.150000    0    
23    -0.150000    0    
24    -0.150000    0    
25    -0.150000    0    
26    -0.150000    0    
27    -0.150000    0    
28    -0.150000    0    
29    -0.150000    0    
30    -0.150000    0    
31    -0.150000    0    
32    -0.150000    0    
33    -0.150000    0    
34    -0.150000    0    
35    -0.150000    0    
36    -0.150000    0    
37    -0.150000    0    
38    -0.150000    0    
39    -0.150000    0    
40    -0.150000    0    
41    -0.150000    0    
42    -0.150000    0    
43    -0.150000    0    
44    -0.150000    0    
45    -0.150000    0    
46    -0.150000    0    
47    -0.150000    0    
48    -0.150000    0    
49    -0.150000    0    
50    -0.150000    0    
51    -0.150000    0    
52    -0.150000    0    
53    -0.150000    0    
54    -0.150000    0    
55    -0.150000    0    

#Macrocel    #Delay[s]    #Rate[Hz]
1    -0.100000    0    
2    -0.100000    0    
3    -0.100000    0    
4    -0.100000    0    
5    -0.100000    0    
6    -0.100000    0    
7    -0.100000    0    
8    -0.100000    0    
9    -0.100000    0    
10    -0.100000    0    
11    -0.100000    0    
12    -0.100000    0    
13    -0.100000    0    
14    -0.100000    0    
15    -0.100000    0    
16    -0.100000    0    
17    -0.100000    0    
18    -0.100000    0    
19    -0.100000    0    
20    -0.100000    0    
21    -0.100000    0    
22    -0.100000    0    
23    -0.100000    0    
24    -0.100000    0    
25    -0.100000    0    
26    -0.100000    0    
27    -0.100000    0    
28    -0.100000    0    
29    -0.100000    0    
30    -0.100000    0    
31    -0.100000    0    
32    -0.100000    0    
33    -0.100000    0    
34    -0.100000    0    
35    -0.100000    0    
36    -0.100000    0    
37    -0.100000    0    
38    -0.100000    0    
39    -0.100000    0    
40    -0.100000    0    
41    -0.100000    0    
42    -0.100000    0    
43    -0.100000    0    
44    -0.100000    0    
45    -0.100000    0    
46    -0.100000    0    
47    -0.100000    0    
48    -0.100000    0    
49    -0.100000    0    
50    -0.100000    0    
51    -0.100000    0    
52    -0.100000    0    
53    -0.100000    0    
54    -0.100000    0    
55    -0.100000    0    

#Macrocel    #Delay[s]    #Rate[Hz]
1    -0.050000    0    
2    -0.050000    0    
3    -0.050000    0    
4    -0.050000    0    
5    -0.050000    0    
6    -0.050000    0    
7    -0.050000    0    
8    -0.050000    0    
9    -0.050000    0    
10    -0.050000    0    
11    -0.050000    0    
12    -0.050000    0    
13    -0.050000    0    
14    -0.050000    0    
15    -0.050000    0    
16    -0.050000    0    
17    -0.050000    0    
18    -0.050000    0    
19    -0.050000    0    
20    -0.050000    0    
21    -0.050000    0    
22    -0.050000    0    
23    -0.050000    0    
24    -0.050000    0    
25    -0.050000    0    
26    -0.050000    0    
27    -0.050000    0    
28    -0.050000    0    
29    -0.050000    0    
30    -0.050000    0    
31    -0.050000    0    
32    -0.050000    0    
33    -0.050000    0    
34    -0.050000    0    
35    -0.050000    0    
36    -0.050000    0    
37    -0.050000    0    
38    -0.050000    0    
39    -0.050000    0    
40    -0.050000    0    
41    -0.050000    0    
42    -0.050000    0    
43    -0.050000    0    
44    -0.050000    0    
45    -0.050000    0    
46    -0.050000    0    
47    -0.050000    0    
48    -0.050000    0    
49    -0.050000    0    
50    -0.050000    0    
51    -0.050000    0    
52    -0.050000    0    
53    -0.050000    0    
54    -0.050000    0    
55    -0.050000    0    

#Macrocel    #Delay[s]    #Rate[Hz]
1    0.000000    0    
2    0.000000    0    
3    0.000000    0    
4    0.000000    0    
5    0.000000    0    
6    0.000000    0    
7    0.000000    0    
8    0.000000    0    
9    0.000000    0    
10    0.000000    0    
11    0.000000    0    
12    0.000000    0    
13    0.000000    0    
14    0.000000    0    
15    0.000000    0    
16    0.000000    0    
17    0.000000    0    
18    0.000000    0    
19    0.000000    0    
20    0.000000    0    
21    0.000000    0    
22    0.000000    0    
23    0.000000    0    
24    0.000000    0    
25    0.000000    0    
26    0.000000    0    
27    0.000000    0    
28    0.000000    0    
29    0.000000    0    
30    0.000000    0    
31    0.000000    0    
32    0.000000    0    
33    0.000000    0    
34    0.000000    0    
35    0.000000    0    
36    0.000000    0    
37    0.000000    0    
38    0.000000    0    
39    0.000000    0    
40    0.000000    0    
41    0.000000    0    
42    0.000000    0    
43    0.000000    0    
44    0.000000    0    
45    0.000000    0    
46    0.000000    0    
47    0.000000    0    
48    0.000000    0    
49    0.000000    0    
50    0.000000    0    
51    0.000000    0    
52    0.000000    0    
53    0.000000    0    
54    0.000000    0    
55    0.000000    0    

#Macrocel    #Delay[s]    #Rate[Hz]
1    0.050000    0    
2    0.050000    0    
3    0.050000    0    
4    0.050000    0    
5    0.050000    0    
6    0.050000    0    
7    0.050000    0    
8    0.050000    0    
9    0.050000    0    
10    0.050000    0    
11    0.050000    0    
12    0.050000    0    
13    0.050000    0    
14    0.050000    0    
15    0.050000    0    
16    0.050000    0    
17    0.050000    0    
18    0.050000    0    
19    0.050000    0    
20    0.050000    0    
21    0.050000    0    
22    0.050000    0    
23    0.050000    0    
24    0.050000    0    
25    0.050000    0    
26    0.050000    0    
27    0.050000    0    
28    0.050000    0    
29    0.050000    0    
30    0.050000    0    
31    0.050000    0    
32    0.050000    0    
33    0.050000    0    
34    0.050000    0    
35    0.050000    0    
36    0.050000    0    
37    0.050000    0    
38    0.050000    0    
39    0.050000    0    
40    0.050000    0    
41    0.050000    0    
42    0.050000    0    
43    0.050000    0    
44    0.050000    0    
45    0.050000    0    
46    0.050000    0    
47    0.050000    0    
48    0.050000    0    
49    0.050000    0    
50    0.050000    0    
51    0.050000    0    
52    0.050000    0    
53    0.050000    0    
54    0.050000    0    
55    0.050000    0    

#Macrocel    #Delay[s]    #Rate[Hz]
1    0.100000    0    
2    0.100000    0    
3    0.100000    0    
4    0.100000    0    
5    0.100000    0    
6    0.100000    0    
7    0.100000    0    
8    0.100000    0    
9    0.100000    0    
10    0.100000    0    
11    0.100000    0    
12    0.100000    0    
13    0.100000    0    
14    0.100000    0    
15    0.100000    0    
16    0.100000    0    
17    0.100000    0    
18    0.100000    0    
19    0.100000    0    
20    0.100000    0    
21    0.100000    0    
22    0.100000    0    
23    0.100000    0    
24    0.100000    0    
25    0.100000    0    
26    0.100000    0    
27    0.100000    0    
28    0.100000    0    
29    0.100000    0    
30    0.100000    0    
31    0.100000    0    
32    0.100000    0    
33    0.100000    0    
34    0.100000    0    
35    0.100000    0    
36    0.100000    0    
37    0.100000    0    
38    0.100000    0    
39    0.100000    0    
40    0.100000    0    
41    0.100000    0    
42    0.100000    0    
43    0.100000    0    
44    0.100000    0    
45    0.100000    0    
46    0.100000    0    
47    0.100000    0    
48    0.100000    0    
49    0.100000    0    
50    0.100000    0    
51    0.100000    0    
52    0.100000    0    
53    0.100000    0    
54    0.100000    0    
55    0.100000    0    

#Macrocel    #Delay[s]    #Rate[Hz]
1    0.150000    0    
2    0.150000    0    
3    0.150000    0    
4    0.150000    0    
5    0.150000    0    
6    0.150000    0    
7    0.150000    0    
8    0.150000    0    
9    0.150000    0    
10    0.150000    0    
11    0.150000    0    
12    0.150000    0    
13    0.150000    0    
14    0.150000    0    
15    0.150000    0    
16    0.150000    0    
17    0.150000    0    
18    0.150000    0    
19    0.150000    0    
20    0.150000    0    
21    0.150000    0    
22    0.150000    0    
23    0.150000    0    
24    0.150000    0    
25    0.150000    0    
26    0.150000    0    
27    0.150000    0    
28    0.150000    0    
29    0.150000    0    
30    0.150000    0    
31    0.150000    0    
32    0.150000    0    
33    0.150000    0    
34    0.150000    0    
35    0.150000    0    
36    0.150000    0    
37    0.150000    0    
38    0.150000    0    
39    0.150000    0    
40    0.150000    0    
41    0.150000    0    
42    0.150000    0    
43    0.150000    0    
44    0.150000    0    
45    0.150000    0    
46    0.150000    0    
47    0.150000    0    
48    0.150000    0    
49    0.150000    0    
50    0.150000    0    
51    0.150000    0    
52    0.150000    0    
53    0.150000    0    
54    0.150000    0    
55    0.150000    0    

#Macrocel    #Delay[s]    #Rate[Hz]
1    0.200000    0    
2    0.200000    0    
3    0.200000    0    
4    0.200000    0    
5    0.200000    0    
6    0.200000    0    
7    0.200000    0    
8    0.200000    0    
9    0.200000    0    
10    0.200000    0    
11    0.200000    0    
12    0.200000    0    
13    0.200000    0    
14    0.200000    0    
15    0.200000    0    
16    0.200000    0    
17    0.200000    0    
18    0.200000    0    
19    0.200000    0    
20    0.200000    0    
21    0.200000    0    
22    0.200000    0    
23    0.200000    0    
24    0.200000    0    
25    0.200000    0    
26    0.200000    0    
27    0.200000    0    
28    0.200000    0    
29    0.200000    0    
30    0.200000    0    
31    0.200000    0    
32    0.200000    0    
33    0.200000    0    
34    0.200000    0    
35    0.200000    0    
36    0.200000    0    
37    0.200000    0    
38    0.200000    0    
39    0.200000    0    
40    0.200000    0    
41    0.200000    0    
42    0.200000    0    
43    0.200000    0    
44    0.200000    0    
45    0.200000    0    
46    0.200000    0    
47    0.200000    0    
48    0.200000    0    
49    0.200000    0    
50    0.200000    0    
51    0.200000    0    
52    0.200000    0    
53    0.200000    0    
54    0.200000    0    
55    0.200000    0    

#Macrocel    #Delay[s]    #Rate[Hz]
1    0.250000    0    
2    0.250000    0    
3    0.250000    0    
4    0.250000    0    
5    0.250000    0    
6    0.250000    0    
7    0.250000    0    
8    0.250000    0    
9    0.250000    0    
10    0.250000    0    
11    0.250000    0    
12    0.250000    0    
13    0.250000    0    
14    0.250000    0    
15    0.250000    0    
16    0.250000    0    
17    0.250000    0    
18    0.250000    0    
19    0.250000    0    
20    0.250000    0    
21    0.250000    0    
22    0.250000    0    
23    0.250000    0    
24    0.250000    0    
25    0.250000    0    
26    0.250000    0    
27    0.250000    0    
28    0.250000    0    
29    0.250000    0    
30    0.250000    0    
31    0.250000    0    
32    0.250000    0    
33    0.250000    0    
34    0.250000    0    
35    0.250000    0    
36    0.250000    0    
37    0.250000    0    
38    0.250000    0    
39    0.250000    0    
40    0.250000    0    
41    0.250000    0    
42    0.250000    0    
43    0.250000    0    
44    0.250000    0    
45    0.250000    0    
46    0.250000    0    
47    0.250000    0    
48    0.250000    0    
49    0.250000    0    
50    0.250000    0    
51    0.250000    0    
52    0.250000    0    
53    0.250000    0    
54    0.250000    0    
55    0.250000    0    

#Macrocel    #Delay[s]    #Rate[Hz]
1    0.300000    0    
2    0.300000    0    
3    0.300000    0    
4    0.300000    0    
5    0.300000    0    
6    0.300000    0    
7    0.300000    0    
8    0.300000    0    
9    0.300000    0    
10    0.300000    0    
11    0.300000    0    
12    0.300000    0    
13    0.300000    0    
14    0.300000    0    
15    0.300000    0    
16    0.300000    0    
17    0.300000    0    
18    0.300000    0    
19    0.300000    0    
20    0.300000    0    
21    0.300000    0    
22    0.300000    0    
23    0.300000    0    
24    0.300000    0    
25    0.300000    0    
26    0.300000    0    
27    0.300000    0    
28    0.300000    0    
29    0.300000    0    
30    0.300000    0    
31    0.300000    0    
32    0.300000    0    
33    0.300000    0    
34    0.300000    0    
35    0.300000    0    
36    0.300000    0    
37    0.300000    0    
38    0.300000    0    
39    0.300000    0    
40    0.300000    0    
41    0.300000    0    
42    0.300000    0    
43    0.300000    0    
44    0.300000    0    
45    0.300000    0    
46    0.300000    0    
47    0.300000    0    
48    0.300000    0    
49    0.300000    0    
50    0.300000    0    
51    0.300000    0    
52    0.300000    0    
53    0.300000    0    
54    0.300000    0    
55    0.300000    0    

#Macrocel    #Delay[s]    #Rate[Hz]
1    0.350000    0    
2    0.350000    0    
3    0.350000    0    
4    0.350000    0    
5    0.350000    0    
6    0.350000    0    
7    0.350000    0    
8    0.350000    0    
9    0.350000    0    
10    0.350000    0    
11    0.350000    0    
12    0.350000    0    
13    0.350000    0    
14    0.350000    0    
15    0.350000    0    
16    0.350000    0    
17    0.350000    0    
18    0.350000    0    
19    0.350000    0    
20    0.350000    0    
21    0.350000    0    
22    0.350000    0    
23    0.350000    0    
24    0.350000    0    
25    0.350000    0    
26    0.350000    0    
27    0.350000    0    
28    0.350000    0    
29    0.350000    0    
30    0.350000    0    
31    0.350000    0    
32    0.350000    0    
33    0.350000    0    
34    0.350000    0    
35    0.350000    0    
36    0.350000    0    
37    0.350000    0    
38    0.350000    0    
39    0.350000    0    
40    0.350000    0    
41    0.350000    0    
42    0.350000    0    
43    0.350000    0    
44    0.350000    0    
45    0.350000    0    
46    0.350000    0    
47    0.350000    0    
48    0.350000    0    
49    0.350000    0    
50    0.350000    0    
51    0.350000    0    
52    0.350000    0    
53    0.350000    0    
54    0.350000    0    
55    0.350000    0    

#Macrocel    #Delay[s]    #Rate[Hz]
1    0.400000    0    
2    0.400000    0    
3    0.400000    0    
4    0.400000    0    
5    0.400000    0    
6    0.400000    0    
7    0.400000    0    
8    0.400000    0    
9    0.400000    0    
10    0.400000    0    
11    0.400000    0    
12    0.400000    0    
13    0.400000    0    
14    0.400000    0    
15    0.400000    0    
16    0.400000    0    
17    0.400000    0    
18    0.400000    0    
19    0.400000    0    
20    0.400000    0    
21    0.400000    0    
22    0.400000    0    
23    0.400000    0    
24    0.400000    0    
25    0.400000    0    
26    0.400000    0    
27    0.400000    0    
28    0.400000    0    
29    0.400000    0    
30    0.400000    0    
31    0.400000    0    
32    0.400000    0    
33    0.400000    0    
34    0.400000    0    
35    0.400000    0    
36    0.400000    0    
37    0.400000    0    
38    0.400000    0    
39    0.400000    0    
40    0.400000    0    
41    0.400000    0    
42    0.400000    0    
43    0.400000    0    
44    0.400000    0    
45    0.400000    0    
46    0.400000    0    
47    0.400000    0    
48    0.400000    0    
49    0.400000    0    
50    0.400000    0    
51    0.400000    0    
52    0.400000    0    
53    0.400000    0    
54    0.400000    0    
55    0.400000    0    

#Macrocel    #Delay[s]    #Rate[Hz]
1    0.450000    0    
2    0.450000    0    
3    0.450000    0    
4    0.450000    0    
5    0.450000    0    
6    0.450000    0    
7    0.450000    0    
8    0.450000    0    
9    0.450000    0    
10    0.450000    0    
11    0.450000    0    
12    0.450000    0    
13    0.450000    0    
14    0.450000    0    
15    0.450000    0    
16    0.450000    0    
17    0.450000    0    
18    0.450000    0    
19    0.450000    0    
20    0.450000    0    
21    0.450000    0    
22    0.450000    0    
23    0.450000    0    
24    0.450000    0    
25    0.450000    0    
26    0.450000    0    
27    0.450000    0    
28    0.450000    0    
29    0.450000    0    
30    0.450000    0    
31    0.450000    0    
32    0.450000    0    
33    0.450000    0    
34    0.450000    0    
35    0.450000    0    
36    0.450000    0    
37    0.450000    0    
38    0.450000    0    
39    0.450000    0    
40    0.450000    0    
41    0.450000    0    
42    0.450000    0    
43    0.450000    0    
44    0.450000    0    
45    0.450000    0    
46    0.450000    0    
47    0.450000    0    
48    0.450000    0    
49    0.450000    0    
50    0.450000    0    
51    0.450000    0    
52    0.450000    0    
53    0.450000    0    
54    0.450000    0    
55    0.450000    0    

#Macrocel    #Delay[s]    #Rate[Hz]
1    0.500000    0    
2    0.500000    0    
3    0.500000    0    
4    0.500000    0    
5    0.500000    0    
6    0.500000    0    
7    0.500000    0    
8    0.500000    0    
9    0.500000    0    
10    0.500000    0    
11    0.500000    0    
12    0.500000    0    
13    0.500000    0    
14    0.500000    0    
15    0.500000    0    
16    0.500000    0    
17    0.500000    0    
18    0.500000    0    
19    0.500000    0    
20    0.500000    0    
21    0.500000    0    
22    0.500000    0    
23    0.500000    0    
24    0.500000    0    
25    0.500000    0    
26    0.500000    0    
27    0.500000    0    
28    0.500000    0    
29    0.500000    0    
30    0.500000    0    
31    0.500000    0    
32    0.500000    0    
33    0.500000    0    
34    0.500000    0    
35    0.500000    0    
36    0.500000    0    
37    0.500000    0    
38    0.500000    0    
39    0.500000    0    
40    0.500000    0    
41    0.500000    0    
42    0.500000    0    
43    0.500000    0    
44    0.500000    0    
45    0.500000    0    
46    0.500000    0    
47    0.500000    0    
48    0.500000    0    
49    0.500000    0    
50    0.500000    0    
51    0.500000    0    
52    0.500000    0    
53    0.500000    0    
54    0.500000    0    
55    0.500000    0    

#Macrocel    #Delay[s]    #Rate[Hz]
1    0.550000    0    
2    0.550000    0    
3    0.550000    0    
4    0.550000    0    
5    0.550000    0    
6    0.550000    0    
7    0.550000    0    
8    0.550000    0    
9    0.550000    0    
10    0.550000    0    
11    0.550000    0    
12    0.550000    0    
13    0.550000    0    
14    0.550000    0    
15    0.550000    0    
16    0.550000    0    
17    0.550000    0    
18    0.550000    0    
19    0.550000    0    
20    0.550000    0    
21    0.550000    0    
22    0.550000    0    
23    0.550000    0    
24    0.550000    0    
25    0.550000    0    
26    0.550000    0    
27    0.550000    0    
28    0.550000    0    
29    0.550000    0    
30    0.550000    0    
31    0.550000    0    
32    0.550000    0    
33    0.550000    0    
34    0.550000    0    
35    0.550000    0    
36    0.550000    0    
37    0.550000    0    
38    0.550000    0    
39    0.550000    0    
40    0.550000    0    
41    0.550000    0    
42    0.550000    0    
43    0.550000    0    
44    0.550000    0    
45    0.550000    0    
46    0.550000    0    
47    0.550000    0    
48    0.550000    0    
49    0.550000    0    
50    0.550000    0    
51    0.550000    0    
52    0.550000    0    
53    0.550000    0    
54    0.550000    0    
55    0.550000    0    

#Macrocel     #Delay 
1    -0.450000 
2    -0.450000 
3    -0.450000 
4    -0.450000 
5    -0.450000 
6    -0.450000 
7    -0.450000 
8    -0.450000 
9    -0.450000 
10    -0.450000 
11    -0.450000 
12    -0.450000 
13    -0.450000 
14    -0.450000 
15    -0.450000 
16    -0.450000 
17    -0.450000 
18    -0.450000 
19    -0.450000 
20    -0.450000 
21    -0.450000 
22    -0.450000 
23    -0.450000 
24    -0.450000 
25    -0.450000 
26    -0.450000 
27    -0.450000 
28    -0.450000 
29    -0.450000 
30    -0.450000 
31    -0.450000 
32    -0.450000 
33    -0.450000 
34    -0.450000 
35    -0.450000 
36    -0.450000 
37    -0.450000 
38    -0.450000 
39    -0.450000 
40    -0.450000 
41    -0.450000 
42    -0.450000 
43    -0.450000 
44    -0.450000 
45    -0.450000 
46    -0.450000 
47    -0.450000 
48    -0.450000 
49    -0.450000 
50    -0.450000 
51    -0.450000 
52    -0.450000 
53    -0.450000 
54    -0.450000 
55    -0.450000 

