#PIXEL  #BOARD  #CHANNEL  #MACROCELL L1  #ALL MACROCELLS  #ATTENUATION
582        1        25        1        1,0,0        13.230659
354        2        24        3        3,0,0        11.142769
570        3        19        7        7,0,0        11.592659
363        4        18        9        6,9,0        10.892372
189        5        15        12        5,12,0        8.475939
183        6        4        15        10,15,0        9.203905
345        7        5        18        13,18,0        10.415794
406        7        20        31        26,31,0        12.803823
438        7        32        23        17,23,0        11.279646
12        9        11        28        16,28,0        10.538177
111        9        4        27        20,27,0        11.648611
97        10        11        30        21,30,0        10.692165
252        12        9        36        29,36,0        9.670956
55        13        16        42        33,42,0        11.984512
61        14        1        45        34,45,0        10.498413
220        14        30        47        38,47,0        11.734388
316        15        25        49        40,49,0        9.453756
163        16        20        53        44,53,0        9.179541
328        17        19        55        48,55,0        7.920162
#Delay 1.500000    25    0    25    0    25    25    25    0    25    25    0    25    25    0    25    25    25    25    0    25    25    0    25    0    0    25    25    25    25    25    25    0    25    25    0    25    0    25    0    25    0    25    0    1    25    0    25    3    25    0    0    0    25    0    25    
#Delay 1.643000    25    0    24    0    25    25    25    0    25    24    0    25    25    0    25    25    25    25    0    25    24    0    25    0    0    25    25    25    25    25    24    0    25    25    0    24    0    25    0    25    0    25    0    0    25    0    24    3    25    0    0    0    25    0    25    
#Delay 1.786000    26    0    26    0    26    26    26    0    26    25    0    26    25    0    25    25    26    26    0    26    26    0    26    0    0    26    26    26    26    26    26    0    23    26    0    25    0    26    0    26    0    23    0    0    26    0    26    1    26    0    0    0    26    0    26    
#Delay 1.929000    25    0    25    0    22    24    24    0    23    22    0    24    23    0    23    20    24    25    0    25    16    0    25    0    0    25    24    25    25    24    23    0    23    25    0    17    0    24    0    25    0    24    0    0    25    0    21    0    24    0    0    0    25    0    25    
#Delay 2.072000    21    0    22    0    21    20    20    0    19    21    0    24    21    0    23    17    22    24    0    24    12    0    22    0    0    23    22    25    23    21    18    0    20    24    0    16    0    22    0    24    0    24    0    0    24    0    13    0    23    0    0    0    25    0    25    
#Delay 2.215000    16    0    17    0    11    15    14    0    15    14    0    22    16    0    15    15    14    23    0    22    8    0    14    0    0    23    18    22    22    23    15    0    19    22    0    11    0    23    0    21    0    23    0    0    22    0    17    0    16    0    0    0    25    0    25    
#Delay 2.358000    12    0    11    0    9    8    8    0    6    5    0    20    10    0    9    8    10    18    0    22    5    0    11    0    0    15    17    21    16    21    11    0    13    21    0    4    0    13    0    12    0    20    0    0    21    0    5    0    9    0    0    0    24    0    25    
#Delay 2.501000    10    0    6    0    8    6    5    0    6    5    0    13    9    0    6    3    7    17    0    14    2    0    9    0    0    14    8    22    14    17    8    0    8    15    0    4    0    12    0    15    0    16    0    0    17    0    8    0    13    0    0    0    25    0    25    
#Delay 2.644000    4    0    5    0    0    1    1    0    1    2    0    5    3    0    2    0    1    8    0    7    0    0    3    0    0    7    1    14    6    10    2    0    3    11    0    1    0    8    0    8    0    12    0    0    15    0    0    0    7    0    0    0    25    0    25    
#Delay 2.787000    3    0    1    0    1    2    1    0    1    0    0    4    0    0    0    0    1    7    0    7    0    0    3    0    0    3    1    11    6    7    1    0    0    12    0    0    0    1    0    4    0    8    0    0    12    0    0    0    2    0    0    0    25    0    25    
#Delay 2.930000    0    0    0    0    0    0    0    0    0    0    0    2    1    0    0    0    1    1    0    1    0    0    2    0    0    1    0    2    2    4    0    0    2    5    0    0    0    3    0    1    0    3    0    0    6    0    1    0    1    0    0    0    25    0    25    
#Delay 3.073000    0    0    0    0    0    0    0    0    0    0    0    0    0    0    0    0    0    0    0    0    0    0    0    0    0    0    0    3    0    1    0    0    0    0    0    0    0    0    0    0    0    0    0    0    0    0    0    0    0    0    0    0    25    0    25    
#Delay 3.216000    0    0    0    0    0    0    0    0    0    0    0    0    0    0    0    0    0    0    0    0    0    0    0    0    0    0    0    1    0    2    0    0    0    1    0    0    0    0    0    0    0    1    0    0    1    0    0    0    0    0    0    0    20    0    23    
#Delay 3.359000    0    0    0    0    0    0    0    0    0    0    0    0    0    0    0    0    0    1    0    0    0    0    0    0    0    0    0    1    0    0    0    0    0    0    0    0    0    0    0    0    0    0    0    0    0    0    0    0    0    0    0    0    24    0    22    
#Delay 3.502000    0    0    0    0    0    0    0    0    0    0    0    0    0    0    0    0    0    0    0    0    0    0    0    0    0    0    0    0    0    0    0    0    0    0    0    0    0    0    0    0    0    0    0    0    0    0    0    0    0    0    0    0    17    0    21    
#Delay 3.645000    0    0    0    0    0    0    0    0    0    0    0    0    0    0    0    0    0    0    0    0    0    0    0    0    0    0    0    0    0    1    0    0    0    0    0    0    0    0    0    0    0    0    0    0    0    0    0    0    0    0    0    0    13    0    16    
#Delay 3.788000    0    0    0    0    0    0    0    0    0    0    0    0    0    0    0    0    0    0    0    0    0    0    0    0    0    0    0    0    0    0    0    0    0    0    0    0    0    0    0    0    0    0    0    0    0    0    0    0    0    0    0    0    5    0    9    
#Delay 3.931000    0    0    0    0    0    0    0    0    0    0    0    0    0    0    0    0    0    0    0    0    0    0    0    0    0    0    0    0    0    0    0    0    0    0    0    0    0    0    0    0    0    0    0    0    0    0    0    0    0    0    0    0    4    0    3    
#Delay 4.074000    0    0    0    0    0    0    0    0    0    0    0    0    0    0    0    0    0    0    0    0    0    0    0    0    0    0    0    0    0    0    0    0    0    0    0    0    0    0    0    0    0    0    0    0    0    0    0    0    0    0    0    0    0    0    1    
#Delay 4.217000    0    0    0    0    0    0    0    0    0    0    0    0    0    0    0    0    0    0    0    0    0    0    0    0    0    0    0    0    0    1    0    0    0    0    0    0    0    0    0    0    0    0    0    0    0    0    0    0    0    0    0    0    0    0    2    
#Delay 4.360000    0    0    0    0    0    0    0    0    0    0    0    0    0    0    0    0    0    0    0    0    0    0    0    0    0    0    0    0    0    0    0    0    0    0    0    0    0    0    0    0    0    0    0    0    0    0    0    0    0    0    0    0    0    0    0    
#Delay 4.503000    0    0    0    0    0    0    0    0    0    0    0    0    0    0    0    0    0    0    0    0    0    0    0    0    0    0    0    0    0    0    0    0    0    0    0    0    0    0    0    0    0    0    0    0    0    0    0    0    0    0    0    0    0    0    0    
#Delay 4.646000    0    0    0    0    0    0    0    0    0    0    0    0    0    0    0    0    0    0    0    0    0    0    0    0    0    0    0    0    0    0    0    0    0    0    0    0    0    0    0    0    0    0    0    0    0    0    0    0    0    0    0    0    0    0    0    
#Delay 4.789000    0    0    0    0    0    0    0    0    0    0    0    0    0    0    0    0    0    0    0    0    0    0    0    0    0    0    0    0    0    0    0    0    0    0    0    0    0    0    0    0    0    0    0    0    0    0    0    0    0    0    0    0    0    0    0    
#Delay 4.932000    0    0    0    0    0    0    0    0    0    0    0    0    0    0    0    0    0    0    0    0    0    0    0    0    0    0    0    0    0    0    0    0    0    0    0    0    0    0    0    0    0    0    0    0    0    0    0    0    0    0    0    0    0    0    0    
#Delay 5.075000    0    0    0    0    0    0    0    0    0    0    0    0    0    0    0    0    0    0    0    0    0    0    0    0    0    0    0    0    0    2    0    0    0    0    0    0    0    0    0    0    0    0    0    0    0    0    0    0    0    0    0    0    0    0    0    
#Delay 5.218000    0    0    0    0    0    0    0    0    0    0    0    0    0    0    0    0    0    0    0    0    0    0    0    0    0    0    0    0    0    1    0    0    0    0    0    0    0    0    0    0    0    0    0    0    0    0    0    0    0    0    0    0    0    0    0    
#Delay 5.361000    0    0    0    0    0    0    0    0    0    0    0    0    0    0    0    0    0    0    0    0    0    0    0    0    0    0    0    0    0    1    0    0    0    0    0    0    0    0    0    0    0    0    0    0    0    0    0    0    0    0    0    0    0    0    0    
#PIXEL  #BOARD  #CHANNEL  #MACROCELL L1  #ALL MACROCELLS  #ATTENUATION
501        1        19        1        1,2,0        13.584017
353        2        23        3        3,4,0        10.483347
569        3        18        7        7,0,0        10.277191
300        4        12        9        6,8,9        11.753086
144        5        14        12        5,11,12        10.071903
182        6        10        15        10,14,15        10.670429
344        7        11        18        13,18,0        11.711451
369        7        28        23        17,19,23        9.966923
78        8        30        27        20,24,27        10.648382
11        9        12        28        16,22,28        11.304249
133        10        15        30        21,25,30        8.401344
478        11        14        31        26,31,0        11.480604
201        12        3        36        29,35,36        10.997570
56        13        11        42        33,37,42        9.164928
91        14        2        45        34,39,45        10.655695
274        15        3        47        38,41,47        8.926460
317        15        26        49        40,46,49        10.647774
211        16        21        53        44,50,53        8.815050
394        17        23        55        48,51,55        9.038824
#Delay 1.500000    24    25    25    25    25    25    25    25    25    25    25    25    25    25    25    25    25    25    25    25    25    25    25    25    25    25    25    25    25    25    25    0    25    0    25    25    25    25    0    25    25    25    0    19    0    25    25    20    25    15    3    0    25    0    25    
#Delay 1.643000    23    25    25    25    24    25    25    25    25    25    25    25    25    25    25    25    25    25    23    25    25    25    25    24    25    25    25    25    25    25    25    0    24    0    25    24    24    25    0    25    25    24    0    13    0    25    25    17    25    7    0    0    25    0    25    
#Delay 1.786000    23    25    25    25    25    25    25    25    25    25    25    25    25    25    25    25    25    25    22    25    23    25    25    22    25    24    25    25    25    25    24    0    24    0    25    25    24    25    0    25    24    24    0    10    0    23    24    16    24    5    1    0    25    0    25    
#Delay 1.929000    22    25    23    23    24    25    22    23    22    21    25    25    24    24    21    22    25    25    16    22    15    24    24    18    24    25    20    25    24    24    23    0    19    0    24    19    20    25    0    25    23    18    0    1    0    17    24    8    20    0    0    0    25    0    25    
#Delay 2.072000    22    25    24    22    19    22    18    21    17    14    24    24    20    24    15    19    24    25    10    23    10    23    22    14    21    20    19    24    20    23    12    0    14    0    19    10    14    25    0    23    13    14    0    0    0    10    15    1    18    0    0    0    25    0    25    
#Delay 2.215000    14    23    22    19    18    18    14    16    15    19    23    23    14    23    18    15    22    22    5    18    7    16    18    9    15    18    16    23    23    25    13    0    16    0    22    10    18    21    0    19    14    14    0    0    0    9    17    2    15    0    0    0    25    0    25    
#Delay 2.358000    9    19    13    10    9    14    6    14    12    7    15    14    11    17    7    7    18    14    1    16    1    12    12    0    12    10    8    17    17    17    5    0    7    0    14    0    8    20    0    14    2    6    0    0    0    7    9    0    12    0    0    0    25    0    25    
#Delay 2.501000    6    16    8    8    6    7    5    4    4    6    9    9    11    15    6    5    16    13    0    8    1    8    8    2    9    11    4    11    15    15    7    0    5    0    15    3    6    12    0    10    3    4    0    0    0    3    5    0    9    0    0    0    25    0    25    
#Delay 2.644000    1    11    6    4    2    2    0    0    0    2    7    5    1    6    2    0    8    8    0    6    0    1    3    0    3    5    1    6    5    3    1    0    1    0    4    0    2    6    0    2    2    1    0    1    0    0    2    0    0    1    0    0    25    0    25    
#Delay 2.787000    1    10    1    1    1    1    1    1    1    0    3    4    1    2    0    1    4    7    0    6    0    1    0    0    1    1    0    2    3    4    0    0    0    0    2    0    0    3    0    2    1    0    0    0    0    0    1    0    1    0    0    0    25    0    25    
#Delay 2.930000    1    6    1    0    0    0    0    0    0    0    1    1    0    2    0    0    3    1    0    1    0    0    1    1    1    0    1    0    0    2    0    0    0    0    0    0    0    1    0    1    0    0    0    0    0    0    0    0    0    0    0    0    25    0    25    
#Delay 3.073000    0    0    0    0    0    0    0    0    0    0    0    0    0    0    0    0    0    1    0    2    0    0    0    0    0    0    0    0    0    3    0    0    0    0    0    0    0    2    0    0    0    0    0    0    0    0    0    0    0    0    0    0    25    0    25    
#Delay 3.216000    0    0    0    0    0    0    0    0    0    0    0    0    0    0    0    0    0    0    0    1    0    0    0    0    0    0    0    0    0    0    0    0    0    0    0    0    0    0    0    0    0    0    0    0    0    0    0    0    0    0    0    0    25    0    25    
#Delay 3.359000    0    0    0    0    0    0    0    0    0    0    0    0    0    0    0    0    0    0    0    0    0    0    0    0    0    0    0    0    0    0    0    0    0    0    0    0    0    0    0    0    0    0    0    0    0    0    0    0    0    0    0    0    25    0    25    
#Delay 3.502000    0    0    0    0    0    0    0    0    0    0    0    0    0    0    0    0    0    0    0    0    0    0    0    0    0    0    0    0    0    3    0    0    0    0    0    0    0    0    0    0    1    0    0    0    0    0    0    0    0    0    0    0    25    0    24    
#Delay 3.645000    0    0    0    0    0    0    0    0    0    0    0    0    0    0    0    0    0    0    0    0    0    0    0    0    0    0    0    0    0    0    0    0    0    0    0    0    0    0    0    0    0    0    0    0    0    0    0    0    0    0    0    0    25    0    24    
#Delay 3.788000    0    0    0    0    0    0    0    0    0    0    0    0    0    0    0    0    0    0    0    0    0    0    0    0    0    0    0    0    0    0    0    0    0    0    0    0    0    0    0    0    0    0    0    0    0    0    0    0    0    0    0    0    24    0    20    
#Delay 3.931000    0    0    0    0    0    0    0    0    0    0    0    0    0    0    0    0    0    0    0    0    0    0    0    0    0    0    0    0    0    1    0    0    0    0    0    0    0    0    0    0    0    0    0    0    0    0    0    0    0    0    0    0    20    0    18    
#Delay 4.074000    0    0    0    0    0    0    0    0    0    0    0    0    0    0    0    0    0    0    0    0    0    0    0    0    0    0    0    0    0    1    0    0    0    0    1    0    0    0    0    0    0    0    0    0    0    0    0    0    0    0    0    0    20    0    14    
#Delay 4.217000    0    0    0    0    0    0    0    0    0    0    0    0    0    0    0    0    0    0    0    0    0    0    0    0    0    0    0    0    0    1    0    0    0    0    0    0    0    0    0    0    0    0    0    0    0    0    0    0    0    0    0    0    14    0    9    
#Delay 4.360000    0    0    0    0    0    0    0    0    0    0    0    0    0    0    0    0    0    0    0    0    0    0    0    0    0    0    0    0    0    0    0    0    0    0    0    0    0    0    0    0    0    0    0    0    0    0    0    0    0    0    0    0    6    0    6    
#Delay 4.503000    0    0    0    0    0    0    0    0    0    0    0    0    0    0    0    0    0    0    0    0    0    0    0    0    0    0    0    0    0    0    0    0    0    0    0    0    0    0    0    0    0    0    0    0    0    0    0    0    0    0    0    0    4    0    1    
#Delay 4.646000    0    0    0    0    0    0    0    0    0    0    0    0    0    0    0    0    0    0    0    0    0    0    0    0    0    0    0    0    0    1    0    0    0    0    1    0    0    0    0    0    0    0    0    0    0    0    0    0    0    0    0    0    2    0    1    
#Delay 4.789000    0    0    0    0    0    0    0    0    0    0    0    0    0    0    0    0    0    0    0    0    0    0    0    0    0    0    0    0    0    3    0    0    0    0    1    0    0    0    0    0    0    0    0    0    0    0    0    0    0    0    0    0    0    0    0    
#Delay 4.932000    0    0    0    0    0    0    0    0    0    0    0    0    0    0    0    0    0    0    0    0    0    0    0    0    0    0    0    0    0    1    0    0    0    0    0    0    0    0    0    0    0    0    0    0    0    0    0    0    0    0    0    0    0    0    0    
#Delay 5.075000    0    0    0    0    0    0    0    0    0    0    0    0    0    0    0    0    0    0    0    0    0    0    0    0    0    0    0    0    0    0    0    0    0    0    0    0    0    0    0    0    0    0    0    0    0    0    0    0    0    0    0    0    0    0    0    
#Delay 5.218000    0    0    0    0    0    0    0    0    0    0    0    0    0    0    0    0    0    0    0    0    0    0    0    0    0    0    0    0    0    0    0    0    0    0    0    0    0    0    0    0    0    0    0    0    0    0    0    0    0    0    0    0    0    0    0    
#Delay 5.361000    0    0    0    0    0    0    0    0    0    0    0    0    0    0    0    0    0    0    0    0    0    0    0    0    0    0    0    0    0    1    0    0    0    0    1    0    0    0    0    0    0    0    0    0    0    0    0    0    0    0    0    0    0    0    0    
#PIXEL  #BOARD  #CHANNEL  #MACROCELL L1  #ALL MACROCELLS  #ATTENUATION
426        1        10        1        1,2,0        13.900196
352        2        22        3        3,4,0        8.324186
568        3        17        7        7,0,0        10.417908
243        4        5        9        8,9,0        9.952538
105        5        13        12        11,12,0        10.655695
181        6        15        15        14,15,0        11.128437
306        7        25        23        19,23,0        9.926052
343        7        16        18        18,0,0        11.285543
51        8        24        27        24,27,0        9.506638
10        9        13        28        22,28,0        10.940933
175        10        20        30        25,30,0        12.116741
156        11        30        36        35,36,0        10.756382
556        11        19        31        31,0,0        9.112844
57        13        6        42        37,42,0        10.597755
127        14        3        45        39,45,0        10.333658
318        15        27        49        46,49,0        8.321171
334        15        9        47        41,47,0        8.391928
265        16        22        53        50,53,0        9.744591
466        17        24        55        51,55,0        9.776047
#Delay 1.500000    24    24    24    24    0    0    24    24    24    0    0    0    0    24    24    0    0    24    24    0    0    24    24    24    24    0    24    24    0    24    24    0    0    0    24    23    24    0    24    0    24    24    0    0    24    24    24    0    24    2    0    0    24    0    24    
#Delay 1.643000    25    25    25    25    0    0    25    25    25    0    0    0    0    25    24    0    0    25    25    0    0    25    25    25    25    0    25    25    0    25    25    0    0    0    25    25    25    0    25    0    25    25    0    0    25    25    25    0    25    2    0    0    25    0    25    
#Delay 1.786000    25    25    25    25    0    0    25    25    25    0    0    0    0    24    22    0    0    24    24    0    0    25    24    25    25    0    25    25    0    24    24    0    0    0    25    20    25    0    23    0    25    24    0    0    24    25    25    0    25    0    0    0    25    0    25    
#Delay 1.929000    24    25    25    25    0    0    23    25    25    0    0    0    0    24    19    0    0    24    20    0    0    23    22    23    23    0    24    25    0    23    25    0    0    0    25    22    24    0    19    0    24    23    0    0    23    23    23    0    24    0    0    0    25    0    25    
#Delay 2.072000    19    24    23    22    0    0    23    24    24    0    0    0    0    24    17    0    0    20    17    0    0    19    24    20    22    0    23    23    0    20    23    0    0    0    25    16    25    0    20    0    23    23    0    0    23    17    23    0    20    0    0    0    25    0    25    
#Delay 2.215000    16    24    23    19    0    0    17    21    22    0    0    0    0    23    14    0    0    16    19    0    0    17    24    18    17    0    22    23    0    15    22    0    0    0    22    13    24    0    16    0    21    21    0    0    22    16    21    0    21    0    0    0    25    0    25    
#Delay 2.358000    11    20    14    9    0    0    12    12    13    0    0    0    0    14    9    0    0    10    9    0    0    14    19    10    10    0    14    20    0    7    15    0    0    0    18    7    19    0    6    0    14    11    0    0    17    7    15    0    12    0    0    0    25    0    25    
#Delay 2.501000    6    19    10    7    0    0    9    12    12    0    0    0    0    10    3    0    0    8    3    0    0    5    8    3    3    0    8    15    0    3    10    0    0    0    17    3    16    0    5    0    13    11    0    0    9    2    13    0    9    0    0    0    25    0    25    
#Delay 2.644000    2    18    8    3    0    0    4    3    3    0    0    0    0    7    0    0    0    1    2    0    0    2    8    1    3    0    3    9    0    2    5    0    0    0    11    1    12    0    0    0    3    3    0    0    6    1    3    0    5    0    0    0    25    0    25    
#Delay 2.787000    0    7    0    0    0    0    0    1    1    0    0    0    0    4    1    0    0    0    0    0    0    3    5    0    0    0    2    3    0    0    1    0    0    0    3    1    10    0    0    0    0    3    0    0    1    0    0    0    2    0    0    0    25    0    25    
#Delay 2.930000    0    5    0    0    0    0    0    0    0    0    0    0    0    2    0    0    0    0    0    0    0    0    3    0    0    0    0    3    0    1    1    0    0    0    4    0    3    0    0    0    0    2    0    0    0    0    0    0    1    0    0    0    25    0    25    
#Delay 3.073000    0    0    0    0    0    0    0    0    0    0    0    0    0    0    0    0    0    0    0    0    0    0    1    0    0    0    0    1    0    2    0    0    0    0    1    1    1    0    0    0    0    0    0    0    0    0    0    0    0    0    0    0    25    0    25    
#Delay 3.216000    0    1    0    0    0    0    0    0    0    0    0    0    0    0    0    0    0    0    0    0    0    0    1    0    0    0    0    0    0    1    0    0    0    0    1    0    0    0    0    0    0    0    0    0    0    0    0    0    0    0    0    0    25    0    25    
#Delay 3.359000    0    0    0    0    0    0    0    0    0    0    0    0    0    0    0    0    0    0    0    0    0    0    0    0    0    0    0    0    0    3    0    0    0    0    0    0    0    0    0    0    0    0    0    0    0    0    0    0    0    0    0    0    25    0    24    
#Delay 3.502000    0    0    0    0    0    0    0    0    0    0    0    0    0    0    0    0    0    0    0    0    0    0    0    0    0    0    0    0    0    0    0    0    0    0    0    0    0    0    0    0    0    0    0    0    0    0    0    0    0    0    0    0    24    0    25    
#Delay 3.645000    0    0    0    0    0    0    0    0    0    0    0    0    0    0    0    0    0    0    0    0    0    0    0    0    0    0    0    0    0    1    0    0    0    0    0    0    0    0    0    0    0    0    0    0    0    0    0    0    0    0    0    0    17    0    14    
#Delay 3.788000    0    0    0    0    0    0    0    0    0    0    0    0    0    0    0    0    0    0    0    0    0    0    0    0    0    0    0    0    0    2    0    0    0    0    0    0    0    0    0    0    0    0    0    0    0    0    0    0    0    0    0    0    10    0    13    
#Delay 3.931000    0    0    0    0    0    0    0    0    0    0    0    0    0    0    0    0    0    0    0    0    0    0    0    0    0    0    0    0    0    1    0    0    0    0    0    0    0    0    0    0    0    0    0    0    0    0    0    0    0    0    1    0    8    0    8    
#Delay 4.074000    0    0    0    0    0    0    0    0    0    0    0    0    0    0    0    0    0    0    0    0    0    0    0    0    0    0    0    0    0    2    0    0    0    0    1    0    0    0    0    0    0    0    0    0    0    0    0    0    0    0    0    0    5    0    0    
#Delay 4.217000    0    0    0    0    0    0    0    0    0    0    0    0    0    0    0    0    0    0    0    0    0    0    0    0    0    0    0    0    0    1    0    0    0    0    0    0    0    0    0    0    0    0    0    0    0    0    0    0    0    0    0    0    1    0    0    
#Delay 4.360000    0    0    0    0    0    0    0    0    0    0    0    0    0    0    0    0    0    0    0    0    0    0    0    0    0    0    0    0    0    2    0    0    0    0    0    0    0    0    0    0    0    0    0    0    0    0    0    0    0    0    0    0    0    0    0    
#Delay 4.503000    0    0    0    0    0    0    0    0    0    0    0    0    0    0    0    0    0    0    0    0    0    0    0    0    0    0    0    0    0    1    0    0    0    0    0    0    0    0    0    0    0    0    0    0    0    0    0    0    0    0    0    0    0    0    0    
#Delay 4.646000    0    0    0    0    0    0    0    0    0    0    0    0    0    0    0    0    0    0    0    0    0    0    0    0    0    0    0    0    0    1    0    0    0    0    0    0    0    0    0    0    0    0    0    0    0    0    0    0    0    0    0    0    0    0    0    
#Delay 4.789000    0    0    0    0    0    0    0    0    0    0    0    0    0    0    0    0    0    0    0    0    0    0    0    0    0    0    0    0    0    3    0    0    0    0    0    0    0    0    0    0    0    0    0    0    0    0    0    0    0    0    0    0    0    0    0    
#Delay 4.932000    0    0    0    0    0    0    0    0    0    0    0    0    0    0    0    0    0    0    0    0    0    0    0    0    0    0    0    0    0    2    0    0    0    0    0    0    0    0    0    0    0    0    0    0    0    0    0    0    0    0    0    0    0    0    0    
#Delay 5.075000    0    0    0    0    0    0    0    0    0    0    0    0    0    0    0    0    0    0    0    0    0    0    0    0    0    0    0    0    0    1    0    0    0    0    0    0    0    0    0    0    0    0    0    0    0    0    0    0    0    0    0    0    0    0    0    
#Delay 5.218000    0    0    0    0    0    0    0    0    0    0    0    0    0    0    0    0    0    0    0    0    0    0    0    0    0    0    0    0    0    1    0    0    0    0    0    0    0    0    0    0    0    0    0    0    0    0    0    0    0    0    0    0    0    0    0    
#Delay 5.361000    0    0    0    0    0    0    0    0    0    0    0    0    0    0    0    0    0    0    0    0    0    0    0    0    0    0    0    0    0    1    0    0    0    0    0    0    0    0    0    0    0    0    0    0    0    0    0    0    0    0    0    0    0    0    0    
#PIXEL  #BOARD  #CHANNEL  #MACROCELL L1  #ALL MACROCELLS  #ATTENUATION
355        1        15        3        2,3,0        14.432514
583        1        26        1        1,0,0        14.222694
491        3        14        7        4,7,0        11.156183
364        4        19        9        6,9,0        9.579411
140        5        30        15        10,11,15        10.784842
190        5        11        12        5,8,12        11.035606
284        6        30        18        13,14,18        10.232212
514        8        3        23        17,23,0        11.575800
13        9        16        28        16,24,28        11.657230
151        9        5        27        19,20,27        10.433704
66        10        10        30        21,22,30        8.113178
339        11        7        31        25,26,31        11.217392
310        12        16        36        29,32,36        11.463373
83        13        23        42        33,35,42        10.582794
60        14        5        45        34,37,45        10.427143
171        14        29        47        38,39,47        11.157436
380        15        28        49        40,43,49        11.261021
209        16        24        53        44,46,53        11.210529
327        17        18        55        48,50,55        9.792679
#Delay 1.500000    25    25    25    25    25    25    25    25    25    25    25    25    25    25    25    25    25    25    25    25    25    25    25    25    25    25    25    25    25    25    25    25    25    24    25    25    24    25    24    25    0    25    25    18    24    7    25    20    25    17    0    0    25    0    25    
#Delay 1.643000    25    25    25    25    24    25    25    24    24    24    25    25    25    25    25    24    25    25    24    25    25    25    25    24    24    24    25    25    25    25    24    25    25    24    25    25    24    25    25    25    0    25    25    14    24    3    25    14    25    6    0    0    25    0    25    
#Delay 1.786000    26    26    26    26    26    26    26    26    26    26    26    26    26    26    26    25    26    26    25    26    25    26    26    26    24    26    26    26    26    26    25    26    24    26    26    26    26    26    23    26    0    24    26    12    26    1    26    12    26    3    0    0    26    0    26    
#Delay 1.929000    24    25    24    24    24    25    23    23    24    18    24    24    22    24    23    15    25    24    18    24    19    25    21    16    23    25    24    25    25    25    23    24    19    21    22    23    24    25    13    25    0    20    24    0    21    0    25    2    25    0    0    0    25    0    25    
#Delay 2.072000    21    25    23    24    22    25    22    17    25    15    22    24    21    24    22    15    25    23    14    25    17    24    21    15    16    23    23    25    25    24    15    20    16    15    25    20    17    21    12    24    0    16    23    2    15    0    19    3    23    1    0    0    25    0    25    
#Delay 2.215000    17    25    22    17    17    24    13    13    22    14    20    24    19    23    16    6    20    21    11    22    17    23    18    7    15    22    21    22    24    24    12    16    11    13    21    15    17    20    6    21    0    11    16    0    13    0    15    1    15    0    0    0    25    0    25    
#Delay 2.358000    15    25    22    15    8    19    10    8    17    6    15    16    12    14    13    0    17    12    6    17    3    14    13    0    12    20    14    17    21    16    7    13    7    6    15    12    11    18    4    20    0    6    14    0    5    0    15    0    13    0    0    0    25    0    25    
#Delay 2.501000    8    24    16    9    3    15    4    2    11    2    10    9    5    13    7    3    13    10    3    14    4    10    5    3    4    14    9    14    19    11    4    7    4    6    13    6    8    14    0    14    0    4    9    0    7    0    7    0    9    0    0    0    25    0    25    
#Delay 2.644000    3    19    6    6    3    7    1    1    5    0    2    4    2    5    2    0    3    3    0    9    0    4    1    0    1    3    4    6    10    5    1    4    2    0    4    3    0    7    0    11    0    2    4    0    0    0    3    0    4    0    0    0    25    0    25    
#Delay 2.787000    2    16    7    1    1    7    1    1    4    0    0    2    0    2    0    0    3    1    0    3    0    2    2    0    1    7    3    3    7    7    0    1    0    0    2    1    0    4    0    5    0    0    5    0    0    0    3    0    4    0    0    0    25    0    25    
#Delay 2.930000    0    12    3    1    0    3    1    0    1    1    1    0    0    0    1    0    2    0    0    3    0    1    0    0    0    1    1    1    4    1    0    0    0    0    0    0    0    0    0    2    0    0    1    0    0    0    0    0    1    0    0    0    25    0    25    
#Delay 3.073000    0    6    1    0    1    1    0    0    1    0    0    1    0    0    0    0    1    0    0    0    0    0    0    0    0    0    0    0    2    0    0    0    0    0    0    0    0    0    0    0    0    0    0    0    0    0    0    0    0    0    0    0    25    0    25    
#Delay 3.216000    0    8    2    0    0    0    0    0    0    0    0    0    0    0    0    0    0    0    0    0    0    0    0    0    0    1    0    0    0    2    0    0    0    0    0    0    0    0    0    0    0    0    0    0    0    0    0    0    0    0    0    0    25    0    25    
#Delay 3.359000    0    1    1    0    0    0    0    0    0    0    0    0    0    0    0    0    0    0    0    0    0    0    0    0    0    0    0    0    1    1    0    0    0    0    0    0    0    0    0    0    0    0    0    0    0    0    0    0    0    0    0    0    25    0    25    
#Delay 3.502000    0    0    0    0    0    0    0    0    0    0    0    0    0    0    0    0    0    0    0    0    0    0    0    0    0    0    0    0    0    1    0    0    0    0    0    0    0    0    0    0    0    0    0    0    0    0    0    0    0    0    0    0    25    0    24    
#Delay 3.645000    0    0    0    0    0    0    0    0    0    0    0    0    0    0    0    0    0    0    0    0    0    0    0    0    0    0    0    0    0    0    0    0    0    0    0    0    0    0    0    0    0    0    0    0    0    0    0    0    0    0    0    0    25    0    23    
#Delay 3.788000    0    0    0    0    0    0    0    0    0    0    0    0    0    0    0    0    0    0    0    0    0    0    0    0    0    0    0    0    0    0    0    0    0    0    0    0    0    0    0    0    0    0    0    0    0    0    0    0    0    0    0    0    23    0    23    
#Delay 3.931000    0    0    0    0    0    0    0    0    0    0    0    0    0    0    0    0    0    0    0    0    0    0    0    0    0    0    0    0    0    1    0    0    0    0    0    0    0    0    0    0    0    0    0    0    0    0    0    0    0    0    0    0    25    0    17    
#Delay 4.074000    0    0    0    0    0    0    0    0    0    0    0    0    0    0    0    0    0    0    0    0    0    0    0    0    0    0    0    0    0    4    0    0    0    0    0    0    0    0    0    0    0    0    0    0    0    0    0    0    0    0    0    0    20    0    9    
#Delay 4.217000    0    0    0    0    0    0    0    0    0    0    0    0    0    0    0    0    0    0    0    0    0    0    0    0    0    0    0    0    0    0    0    0    0    0    0    0    0    0    0    0    0    0    0    0    0    0    0    0    0    0    0    0    14    0    9    
#Delay 4.360000    0    0    0    0    0    0    0    0    0    0    0    0    0    0    0    0    0    0    0    0    0    0    0    0    0    0    0    0    0    1    0    0    0    0    0    0    0    0    0    0    0    0    0    0    0    0    0    0    0    0    0    0    9    0    3    
#Delay 4.503000    0    0    0    0    0    0    0    0    0    0    0    0    0    0    0    0    0    0    0    0    0    0    0    0    0    0    0    0    0    2    0    0    0    0    0    0    0    0    0    0    0    0    0    0    0    0    0    0    0    0    0    0    3    0    1    
#Delay 4.646000    0    0    0    0    0    0    0    0    0    0    0    0    0    0    0    0    0    0    0    0    0    0    0    0    0    0    0    0    0    0    0    0    0    0    0    0    0    0    0    0    0    0    0    0    0    0    0    0    0    0    0    0    2    0    0    
#Delay 4.789000    0    0    0    0    0    0    0    0    0    0    0    0    0    0    0    0    0    0    0    0    0    0    0    0    0    0    0    0    0    0    0    0    0    0    0    0    0    0    0    0    0    0    0    0    0    0    0    0    0    0    0    0    0    0    0    
#Delay 4.932000    0    0    0    0    0    0    0    0    0    0    0    0    0    0    0    0    0    0    0    0    0    0    0    0    0    0    0    0    0    1    0    0    0    0    0    0    0    0    0    0    0    0    0    0    0    0    0    0    0    0    0    0    0    0    0    
#Delay 5.075000    0    0    0    0    0    0    0    0    0    0    0    0    0    0    0    0    0    0    0    0    0    0    0    0    0    0    0    0    0    1    0    0    0    0    1    0    0    0    0    0    0    0    0    0    0    0    0    0    0    0    0    0    0    0    0    
#Delay 5.218000    0    0    0    0    0    0    0    0    0    0    0    0    0    0    0    0    0    0    0    0    0    0    0    0    0    0    0    0    0    2    0    0    0    0    1    0    0    0    0    0    0    0    0    0    0    0    0    0    0    0    0    0    0    0    0    
#Delay 5.361000    0    0    0    0    0    0    0    0    0    0    0    0    0    0    0    0    0    0    0    0    0    0    0    0    0    0    0    0    0    0    0    0    0    0    0    0    0    0    0    0    0    0    0    0    0    0    0    0    0    0    0    0    0    0    0    
#PIXEL  #BOARD  #CHANNEL  #MACROCELL L1  #ALL MACROCELLS  #ATTENUATION
502        1        20        1        1,0,0        14.376678
292        2        20        3        3,0,0        12.388741
490        3        13        7        7,0,0        10.393597
301        4        13        9        6,9,0        10.514931
145        5        10        12        5,12,0        11.104486
139        6        3        15        10,15,0        10.247349
283        7        4        18        13,18,0        11.660875
405        7        19        31        26,31,0        11.566425
112        8        31        27        20,27,0        9.038284
439        8        1        23        17,23,0        10.346546
4        9        17        28        16,28,0        9.262402
96        10        14        30        21,30,0        8.979019
253        12        10        36        29,36,0        10.509264
84        13        17        42        33,42,0        10.938368
90        14        6        45        34,45,0        10.357275
219        15        2        47        38,47,0        8.576057
381        15        29        49        40,49,0        9.211889
210        16        25        53        44,53,0        8.216354
393        17        22        55        48,55,0        8.940315
#Delay 1.500000    25    0    25    0    25    25    25    0    25    25    0    25    25    0    25    25    25    25    0    25    25    0    25    0    0    25    25    25    25    25    25    0    25    25    0    25    0    25    0    25    0    25    0    7    25    0    25    14    25    0    0    0    25    0    25    
#Delay 1.643000    25    0    25    0    25    24    25    0    24    25    0    25    25    0    25    25    25    25    0    25    25    0    25    0    0    25    25    25    25    25    25    0    25    25    0    23    0    25    0    25    0    25    0    2    25    0    25    4    25    0    0    0    25    0    25    
#Delay 1.786000    25    0    25    0    25    24    25    0    22    24    0    25    25    0    24    24    25    25    0    25    24    0    25    0    0    24    24    25    25    25    24    0    25    25    0    22    0    25    0    25    0    25    0    0    25    0    24    4    25    0    0    0    25    0    25    
#Delay 1.929000    24    0    23    0    24    23    25    0    22    24    0    25    24    0    24    25    24    25    0    25    24    0    23    0    0    25    23    25    25    24    23    0    25    25    0    22    0    25    0    25    0    25    0    0    25    0    22    1    25    0    0    0    25    0    25    
#Delay 2.072000    24    0    23    0    21    20    24    0    16    23    0    22    19    0    22    21    24    20    0    23    22    0    24    0    0    23    20    25    24    24    17    0    22    25    0    15    0    24    0    24    0    23    0    0    24    0    22    0    23    0    0    0    25    0    25    
#Delay 2.215000    20    0    19    0    17    16    22    0    16    16    0    18    16    0    16    14    20    18    0    21    15    0    20    0    0    17    15    21    20    21    6    0    17    23    0    10    0    21    0    21    0    18    0    0    22    0    13    0    18    0    0    0    25    0    25    
#Delay 2.358000    17    0    11    0    11    10    14    0    7    12    0    15    7    0    16    10    19    8    0    15    8    0    19    0    0    19    9    18    18    22    8    0    14    21    0    6    0    16    0    16    0    16    0    0    20    0    6    0    15    0    0    0    25    0    25    
#Delay 2.501000    13    0    9    0    10    7    11    0    3    10    0    15    5    0    10    8    12    6    0    12    7    0    12    0    0    9    4    18    17    17    4    0    12    21    0    2    0    13    0    18    0    13    0    0    19    0    1    0    12    0    0    0    25    0    25    
#Delay 2.644000    14    0    2    0    1    4    4    0    1    2    0    3    3    0    1    1    10    4    0    8    1    0    9    0    0    6    1    8    10    12    0    0    5    16    0    0    0    11    0    15    0    6    0    0    13    0    0    0    8    0    0    0    25    0    25    
#Delay 2.787000    4    0    4    0    2    2    4    0    0    6    0    5    1    0    6    1    6    3    0    6    0    0    6    0    0    4    0    10    1    15    1    0    7    11    0    0    0    8    0    8    0    8    0    0    6    0    0    0    5    0    0    0    25    0    25    
#Delay 2.930000    1    0    1    0    0    0    0    0    0    1    0    0    0    0    1    0    3    0    0    1    0    0    2    0    0    1    0    2    0    3    0    0    0    3    0    0    0    2    0    2    0    0    0    0    2    0    0    0    2    0    0    0    25    0    25    
#Delay 3.073000    2    0    0    0    0    0    0    0    0    0    0    0    0    0    0    0    0    0    0    0    0    0    0    0    0    0    0    0    0    0    0    0    0    0    0    0    0    0    0    0    0    0    0    0    0    0    0    0    0    0    0    0    24    0    25    
#Delay 3.216000    0    0    0    0    0    0    0    0    0    1    0    0    0    0    1    0    0    0    0    0    0    0    0    0    0    0    0    1    0    1    0    0    0    1    0    0    0    0    0    0    0    0    0    0    1    0    0    0    0    0    0    0    25    0    24    
#Delay 3.359000    0    0    0    0    0    0    0    0    0    0    0    0    0    0    0    0    0    0    0    0    0    0    0    0    0    0    0    0    0    2    0    0    0    0    0    0    0    0    0    0    0    0    0    0    0    0    0    0    0    0    0    0    22    0    22    
#Delay 3.502000    0    0    0    0    0    0    0    0    0    0    0    0    0    0    0    0    0    0    0    0    0    0    0    0    0    0    0    0    0    1    0    0    0    0    0    0    0    0    0    0    0    0    0    0    0    0    0    0    0    0    0    0    24    0    22    
#Delay 3.645000    0    0    0    0    0    0    0    0    0    0    0    0    0    0    0    0    0    0    0    0    0    0    0    0    0    0    0    0    0    2    0    0    0    0    0    0    0    0    0    0    0    0    0    0    0    0    0    0    0    0    0    0    16    0    12    
#Delay 3.788000    0    0    0    0    0    0    0    0    0    0    0    0    0    0    0    0    0    0    0    0    0    0    0    0    0    0    0    0    0    2    0    0    0    0    0    0    0    0    0    0    0    0    0    0    0    0    0    0    0    0    0    0    8    0    8    
#Delay 3.931000    0    0    0    0    0    0    0    0    0    0    0    0    0    0    0    0    0    0    0    0    0    0    0    0    0    0    0    0    0    2    0    0    0    0    0    0    0    0    0    0    0    0    0    0    0    0    0    0    0    0    0    0    3    0    4    
#Delay 4.074000    0    0    0    0    0    0    0    0    0    0    0    0    0    0    0    0    0    0    0    0    0    0    0    0    0    0    0    0    0    1    0    0    0    0    0    0    0    0    0    0    0    0    0    0    0    0    0    0    0    0    0    0    4    0    3    
#Delay 4.217000    0    0    0    0    0    0    0    0    0    0    0    0    0    0    0    0    0    0    0    0    0    0    0    0    0    0    0    0    0    1    0    0    0    0    0    0    0    0    0    0    0    0    0    0    0    0    0    0    0    0    0    0    1    0    2    
#Delay 4.360000    0    0    0    0    0    0    0    0    0    0    0    0    0    0    0    0    0    0    0    0    0    0    0    0    0    0    0    0    0    0    0    0    0    0    0    0    0    0    0    0    0    0    0    0    0    0    0    0    0    0    0    0    0    0    0    
#Delay 4.503000    0    0    0    0    0    0    0    0    0    0    0    0    0    0    0    0    0    0    0    0    0    0    0    0    0    0    0    0    0    1    0    0    0    0    0    0    0    0    0    0    0    0    0    0    0    0    0    0    0    0    0    0    0    0    0    
#Delay 4.646000    0    0    0    0    0    0    0    0    0    0    0    0    0    0    0    0    0    0    0    0    0    0    0    0    0    0    0    0    0    0    0    0    0    0    0    0    0    0    0    0    0    0    0    0    0    0    0    0    0    0    0    0    0    0    0    
#Delay 4.789000    0    0    0    0    0    0    0    0    0    0    0    0    0    0    0    0    0    0    0    0    0    0    0    0    0    0    0    0    0    0    0    0    0    0    0    0    0    0    0    0    0    0    0    0    0    0    0    0    0    0    0    0    0    0    0    
#Delay 4.932000    0    0    0    0    0    0    0    0    0    0    0    0    0    0    0    0    0    0    0    0    0    0    0    0    0    0    0    0    0    2    0    0    0    0    0    0    0    0    0    0    0    0    0    0    0    0    0    0    0    0    0    0    0    0    0    
#Delay 5.075000    0    0    0    0    0    0    0    0    0    0    0    0    0    0    0    0    0    0    0    0    0    0    0    0    0    0    0    0    0    1    0    0    0    0    0    0    0    0    0    0    0    0    0    0    0    0    0    0    0    0    0    0    0    0    0    
#Delay 5.218000    0    0    0    0    0    0    0    0    0    0    0    0    0    0    0    0    0    0    0    0    0    0    0    0    0    0    0    0    0    1    0    0    0    0    0    0    0    0    0    0    0    0    0    0    0    0    0    0    0    0    0    0    0    0    0    
#Delay 5.361000    0    0    0    0    0    0    0    0    0    0    0    0    0    0    0    0    0    0    0    0    0    0    0    0    0    0    0    0    0    0    0    0    0    0    0    0    0    0    0    0    0    0    0    0    0    0    0    0    0    0    0    0    0    0    0    
#PIXEL  #BOARD  #CHANNEL  #MACROCELL L1  #ALL MACROCELLS  #ATTENUATION
427        1        11        1        1,2,0        13.931711
291        2        19        3        3,4,0        10.938433
489        3        12        7        7,0,0        11.740213
244        4        6        9        8,9,0        10.180456
106        5        9        12        11,12,0        10.286669
138        6        9        15        14,15,0        10.339230
282        7        10        18        18,0,0        10.166937
370        7        29        23        19,23,0        10.065807
79        8        25        27        24,27,0        11.738714
3        9        18        28        22,28,0        10.705948
132        10        19        30        25,30,0        11.129274
477        11        13        31        31,0,0        11.503281
202        12        4        36        35,36,0        11.327168
85        13        12        42        37,42,0        12.139339
126        14        7        45        39,45,0        9.083645
273        15        8        47        41,47,0        9.631153
382        15        30        49        46,49,0        9.718338
264        16        26        53        50,53,0        10.199917
465        17        29        55        51,55,0        8.541012
#Delay 1.500000    25    25    25    25    0    0    25    25    25    0    25    24    0    25    25    0    0    25    25    0    0    25    25    25    25    0    25    25    0    25    25    0    0    0    25    25    25    0    25    0    25    25    0    0    25    25    25    0    25    3    0    0    25    0    25    
#Delay 1.643000    25    25    25    25    0    0    25    25    25    0    25    25    0    25    25    0    0    25    24    0    0    25    25    25    25    0    25    25    0    25    25    0    0    0    25    25    25    0    25    0    25    25    0    0    25    25    25    0    25    1    1    0    25    0    25    
#Delay 1.786000    25    25    25    25    0    0    25    25    25    0    25    25    0    25    25    0    0    25    24    0    0    25    25    25    25    0    25    25    0    25    24    0    0    0    25    25    25    0    24    0    25    25    0    0    25    25    25    0    25    0    0    0    25    0    25    
#Delay 1.929000    25    25    25    25    0    0    25    25    25    0    25    24    0    25    24    0    0    24    22    0    0    25    24    25    24    0    25    25    0    24    23    0    0    0    25    24    25    0    23    0    25    25    0    0    24    25    25    0    24    0    0    0    25    0    25    
#Delay 2.072000    25    25    24    24    0    0    22    25    23    0    25    21    0    25    24    0    0    24    19    0    0    23    24    25    25    0    25    24    0    25    24    0    0    0    24    19    24    0    17    0    23    21    0    0    25    23    24    0    23    0    0    0    25    0    25    
#Delay 2.215000    23    25    23    23    0    0    21    24    21    0    22    16    0    25    19    0    0    24    19    0    0    20    24    20    24    0    23    22    0    22    21    0    0    0    24    10    24    0    14    0    13    15    0    0    18    21    14    0    20    0    0    0    25    0    25    
#Delay 2.358000    20    24    23    23    0    0    16    24    21    0    18    16    0    24    14    0    0    21    14    0    0    17    20    18    18    0    22    20    0    17    14    0    0    0    21    6    19    0    14    0    12    11    0    0    17    18    14    0    17    0    0    0    25    0    25    
#Delay 2.501000    11    22    13    13    0    0    5    16    10    0    11    3    0    18    7    0    0    11    8    0    0    7    14    9    11    0    15    10    0    9    7    0    0    0    14    0    10    0    4    0    2    1    0    0    12    10    4    0    7    0    0    0    25    0    25    
#Delay 2.644000    1    20    6    6    0    0    5    10    4    0    4    0    0    12    1    0    0    3    0    0    0    2    7    7    5    0    11    5    0    3    5    0    0    0    4    0    7    0    0    0    0    0    0    0    3    4    2    0    4    0    0    0    25    0    25    
#Delay 2.787000    4    19    5    5    0    0    5    13    5    0    7    2    0    8    3    0    0    4    3    0    0    3    7    5    2    0    10    6    0    2    3    0    0    0    8    0    6    0    0    0    0    2    0    0    6    8    1    0    7    0    0    0    25    0    25    
#Delay 2.930000    5    14    3    3    0    0    1    8    1    0    2    0    0    7    0    0    0    1    1    0    0    0    5    1    2    0    3    0    0    2    0    0    0    0    2    0    2    0    0    0    0    0    0    0    1    3    0    0    3    0    0    0    25    0    25    
#Delay 3.073000    0    7    1    1    0    0    0    5    0    0    0    0    0    4    0    0    0    0    0    0    0    0    1    0    0    0    3    0    0    0    0    0    0    0    2    0    1    0    0    0    0    0    0    0    0    0    0    0    0    0    0    0    24    0    25    
#Delay 3.216000    1    6    0    0    0    0    0    1    1    0    0    0    0    1    0    0    0    0    0    0    0    0    0    0    0    0    1    0    0    2    0    0    0    0    0    0    0    0    0    0    0    0    0    0    0    0    0    0    0    0    0    0    25    0    25    
#Delay 3.359000    0    1    0    0    0    0    0    0    0    0    0    0    0    0    0    0    0    0    0    0    0    0    0    0    0    0    0    0    0    1    0    0    0    0    0    0    0    0    0    0    1    0    0    0    0    0    0    0    0    0    0    0    23    0    24    
#Delay 3.502000    0    1    0    0    0    0    0    0    0    0    0    0    0    0    0    0    0    0    0    0    0    0    0    0    0    0    0    0    0    0    0    0    0    0    1    0    0    0    0    0    0    0    0    0    0    0    0    0    0    0    0    0    23    0    23    
#Delay 3.645000    0    1    0    0    0    0    0    0    0    0    0    0    0    0    0    0    0    0    0    0    0    0    0    0    0    0    0    0    0    0    0    0    0    0    0    0    0    0    0    0    0    0    0    0    0    0    0    0    0    0    3    0    19    0    17    
#Delay 3.788000    0    0    0    0    0    0    0    0    0    0    0    0    0    0    0    0    0    0    0    0    0    0    0    0    0    0    0    0    0    2    0    0    0    0    0    0    0    0    0    0    0    0    0    0    0    0    0    0    0    0    1    0    12    0    20    
#Delay 3.931000    0    0    0    0    0    0    0    0    0    0    0    0    0    0    0    0    0    0    0    0    0    0    0    0    0    0    0    0    0    0    0    0    0    0    0    0    0    0    0    0    0    0    0    0    0    0    0    0    0    0    0    0    4    0    4    
#Delay 4.074000    0    0    0    0    0    0    0    0    0    0    0    0    0    0    0    0    0    0    0    0    0    0    0    0    0    0    0    0    0    1    0    0    0    0    0    0    0    0    0    0    0    0    0    0    0    0    0    0    0    0    0    0    2    0    4    
#Delay 4.217000    0    0    0    0    0    0    0    0    0    0    0    0    0    0    0    0    0    0    0    0    0    0    0    0    0    0    0    0    0    0    0    0    0    0    0    0    0    0    0    0    0    0    0    0    0    0    0    0    0    0    0    0    2    0    0    
#Delay 4.360000    0    0    0    0    0    0    0    0    0    0    0    0    0    0    0    0    0    0    0    0    0    0    0    0    0    0    0    0    0    1    0    0    0    0    0    0    0    0    0    0    0    0    0    0    0    0    0    0    0    0    0    0    1    0    1    
#Delay 4.503000    0    0    0    0    0    0    0    0    0    0    0    0    0    0    0    0    0    0    0    0    0    0    0    0    0    0    0    0    0    0    0    0    0    0    0    0    0    0    0    0    0    0    0    0    0    0    0    0    0    0    0    0    0    0    0    
#Delay 4.646000    0    0    0    0    0    0    0    0    0    0    0    0    0    0    0    0    0    0    0    0    0    0    0    0    0    0    0    0    0    1    0    0    0    0    0    0    0    0    0    0    0    0    0    0    0    0    0    0    0    0    0    0    0    0    0    
#Delay 4.789000    0    0    0    0    0    0    0    0    0    0    0    0    0    0    0    0    0    0    0    0    0    0    0    0    0    0    0    0    0    0    0    0    0    0    0    0    0    0    0    0    1    0    0    0    0    0    0    0    0    0    0    0    0    0    0    
#Delay 4.932000    0    0    0    0    0    0    0    0    0    0    0    0    0    0    0    0    0    0    0    0    0    0    0    0    0    0    0    0    0    0    0    0    0    0    0    0    0    0    0    0    0    0    0    0    0    0    0    0    0    0    0    0    0    0    0    
#Delay 5.075000    0    0    0    0    0    0    0    0    0    0    0    0    0    0    0    0    0    0    0    0    0    0    0    0    0    0    0    0    0    0    0    0    0    0    0    0    0    0    0    0    0    0    0    0    0    0    0    0    0    0    0    0    0    0    0    
#Delay 5.218000    0    0    0    0    0    0    0    0    0    0    0    0    0    0    0    0    0    0    0    0    0    0    0    0    0    0    0    0    0    0    0    0    0    0    0    0    0    0    0    0    0    0    0    0    0    0    0    0    0    0    0    0    0    0    0    
#Delay 5.361000    0    0    0    0    0    0    0    0    0    0    0    0    0    0    0    0    0    0    0    0    0    0    0    0    0    0    0    0    0    0    0    0    0    0    0    0    0    0    0    0    0    0    0    0    0    0    0    0    0    0    0    0    0    0    0    
#PIXEL  #BOARD  #CHANNEL  #MACROCELL L1  #ALL MACROCELLS  #ATTENUATION
358        1        4        1        1,2,5        11.396358
290        2        18        3        3,4,10        10.107050
193        3        32        9        8,9,20        10.236847
488        3        11        7        7,13,0        11.136265
73        5        8        12        11,12,16        9.357559
137        6        14        15        14,15,21        10.307739
307        7        26        23        19,23,29        11.163700
342        7        15        18        18,26,0        9.431131
52        8        20        27        24,27,33        11.694567
9        9        19        28        22,28,34        10.176401
174        10        25        30        25,30,38        8.175213
203        11        31        36        35,36,40        11.136467
555        11        18        31        31,0,0        10.755642
86        13        7        42        37,42,44        10.451857
168        14        8        45        39,45,48        12.055386
333        15        15        47        41,47,0        10.640129
383        15        31        49        46,49,52        8.769310
324        16        27        53        50,53,54        10.639229
543        18        6        55        51,55,0        9.050255
#Delay 1.500000    25    25    25    25    25    0    25    25    25    25    25    25    25    25    25    25    0    25    25    25    24    25    25    25    25    25    25    25    25    25    25    0    25    25    25    25    25    25    25    25    25    25    0    25    25    11    25    25    6    12    0    25    25    18    25    
#Delay 1.643000    26    26    26    26    26    0    26    25    25    26    26    26    26    26    26    25    0    25    26    26    26    26    26    25    26    26    26    26    26    26    26    0    25    26    26    26    26    26    26    26    26    25    0    26    26    6    26    26    6    10    0    26    26    10    26    
#Delay 1.786000    25    25    25    25    25    0    25    25    25    25    25    24    25    25    25    24    0    25    24    25    24    25    25    25    25    25    25    25    25    25    25    0    25    25    25    24    24    25    22    24    25    24    0    24    24    5    25    25    4    5    0    25    25    5    25    
#Delay 1.929000    25    25    24    24    25    0    24    24    21    24    25    21    25    25    24    20    0    22    20    25    23    22    24    23    23    23    24    24    25    24    24    0    23    22    25    24    22    24    20    21    23    18    0    22    23    0    23    24    0    1    0    25    25    1    25    
#Delay 2.072000    24    25    25    23    24    0    19    17    15    24    20    19    25    24    22    17    0    18    21    25    16    23    24    20    22    19    24    23    24    24    24    0    20    22    25    21    22    24    21    15    21    17    0    24    23    0    24    25    0    0    0    25    25    2    25    
#Delay 2.215000    22    24    21    18    23    0    13    16    8    19    20    18    23    24    18    13    0    15    14    23    10    18    19    19    17    17    21    20    24    20    19    0    18    16    21    14    16    20    16    10    14    10    0    18    20    0    22    21    0    0    0    25    25    0    25    
#Delay 2.358000    15    19    15    10    17    0    8    4    3    10    9    8    15    18    12    5    0    3    6    13    3    8    15    9    9    10    12    13    16    13    13    0    8    7    21    8    13    12    8    3    7    8    0    14    18    0    15    21    0    0    0    25    25    0    25    
#Delay 2.501000    11    21    8    2    15    0    1    0    0    3    6    4    11    17    7    3    0    2    4    10    1    3    13    1    7    5    9    6    15    11    10    0    2    3    10    2    6    11    2    2    5    1    0    9    12    0    14    16    0    0    0    25    25    0    25    
#Delay 2.644000    4    15    6    2    9    0    4    1    0    5    4    3    11    10    3    0    0    1    1    7    0    2    6    2    4    2    8    5    11    6    6    0    3    1    12    2    5    5    0    1    5    3    0    6    6    0    15    13    0    0    0    24    24    0    24    
#Delay 2.787000    1    14    3    1    6    0    0    0    0    1    3    1    5    4    0    1    0    2    1    5    0    1    2    1    3    2    1    3    8    5    2    0    1    1    6    1    3    5    2    1    3    1    0    4    5    0    4    5    0    0    0    25    25    0    25    
#Delay 2.930000    1    10    1    0    3    0    0    0    0    1    0    0    3    5    2    0    0    0    0    1    0    0    1    0    0    0    1    1    3    2    1    0    0    0    2    0    0    0    0    0    0    0    0    1    1    0    4    2    0    0    0    25    25    0    25    
#Delay 3.073000    0    4    0    0    3    0    0    0    0    0    0    0    1    1    0    0    0    0    0    0    0    0    0    0    0    0    1    0    0    2    0    0    0    0    1    0    0    0    0    0    0    0    0    0    0    0    1    0    0    0    0    25    25    0    25    
#Delay 3.216000    0    2    0    0    1    0    0    0    0    0    0    0    0    0    0    0    0    0    0    0    0    0    0    0    0    0    0    0    0    2    0    0    0    0    0    0    0    0    0    0    0    0    0    0    0    0    0    0    0    0    0    25    25    0    23    
#Delay 3.359000    0    0    0    0    0    0    0    0    0    0    0    0    0    0    0    0    0    0    0    0    0    0    0    0    0    0    0    0    0    0    0    0    0    0    0    0    0    0    0    0    0    0    0    0    0    0    0    0    0    0    0    25    25    0    23    
#Delay 3.502000    0    0    0    0    0    0    0    0    0    0    0    0    0    0    0    0    0    0    0    0    0    0    0    0    0    0    0    0    0    1    0    0    0    0    0    0    0    0    0    0    0    0    0    0    0    0    0    0    0    0    0    25    25    0    19    
#Delay 3.645000    0    1    0    0    0    0    0    0    0    0    0    0    0    0    0    0    0    0    0    0    0    0    0    0    0    0    0    0    0    1    0    0    0    0    0    0    0    0    0    0    0    0    0    0    0    0    0    0    0    0    0    24    25    0    13    
#Delay 3.788000    0    0    0    0    0    0    0    0    0    0    0    0    0    0    0    0    0    0    0    0    0    0    0    0    0    0    0    0    0    0    0    0    0    0    0    0    0    0    0    0    0    0    0    0    0    0    0    0    0    0    0    24    23    0    17    
#Delay 3.931000    0    0    0    0    0    0    0    0    0    0    0    0    0    0    0    0    0    0    0    0    0    0    0    0    0    0    0    0    0    2    0    0    0    0    0    0    0    0    0    0    0    0    0    0    0    0    0    0    0    0    0    23    20    0    5    
#Delay 4.074000    0    0    0    0    0    0    0    0    0    0    0    0    0    0    0    0    0    0    0    0    0    0    0    0    0    0    0    0    0    1    0    0    0    0    0    0    0    0    0    0    0    0    0    0    0    0    0    0    0    0    0    19    13    0    1    
#Delay 4.217000    0    0    0    0    0    0    0    0    0    0    0    0    0    0    0    0    0    0    0    0    0    0    0    0    0    0    0    0    0    0    0    0    0    0    0    0    0    0    0    0    0    0    0    0    0    0    0    0    0    0    0    11    11    0    0    
#Delay 4.360000    0    0    0    0    0    0    0    0    0    0    0    0    0    0    0    0    0    0    0    0    0    0    0    0    0    0    0    0    0    3    0    0    0    0    0    0    0    0    0    0    0    0    0    0    0    0    0    0    0    0    0    7    5    0    0    
#Delay 4.503000    0    0    0    0    0    0    0    0    0    0    0    0    0    0    0    0    0    0    0    0    0    0    0    0    0    0    0    0    0    2    0    0    0    0    0    0    0    0    0    0    0    0    0    0    0    0    0    0    0    0    0    3    1    0    0    
#Delay 4.646000    0    0    0    0    0    0    0    0    0    0    0    0    0    0    0    0    0    0    0    0    0    0    0    0    0    0    0    0    0    1    0    0    0    0    0    0    0    0    0    0    0    0    0    0    0    0    0    0    0    0    0    2    0    0    0    
#Delay 4.789000    0    0    0    0    0    0    0    0    0    0    0    0    0    0    0    0    0    0    0    0    0    0    0    0    0    0    0    0    0    1    0    0    0    0    0    0    0    0    0    0    0    0    0    0    0    0    0    0    0    0    0    1    0    0    0    
#Delay 4.932000    0    0    0    0    0    0    0    0    0    0    0    0    0    0    0    0    0    0    0    0    0    0    0    0    0    0    0    0    0    1    0    0    0    0    0    0    0    0    0    0    0    0    0    0    0    0    0    0    0    0    0    0    0    0    0    
#Delay 5.075000    0    0    0    0    0    0    0    0    0    0    0    0    0    0    0    0    0    0    0    0    0    0    0    0    0    0    0    0    0    2    0    0    0    0    0    0    0    0    0    0    0    0    0    0    0    0    0    0    0    0    0    0    0    0    0    
#Delay 5.218000    0    0    0    0    0    0    0    0    0    0    0    0    0    0    0    0    0    0    0    0    0    0    0    0    0    0    0    0    0    2    0    0    0    0    0    0    0    0    0    0    0    0    0    0    0    0    0    0    0    0    0    0    0    0    0    
#Delay 5.361000    0    0    0    0    0    0    0    0    0    0    0    0    0    0    0    0    0    0    0    0    0    0    0    0    0    0    0    0    0    1    0    0    0    0    1    0    0    0    0    0    0    0    0    0    0    0    0    0    0    0    0    0    0    0    0    
#PIXEL  #BOARD  #CHANNEL  #MACROCELL L1  #ALL MACROCELLS  #ATTENUATION
356        1        14        3        2,3,0        13.744289
584        1        27        1        1,0,0        13.474113
418        2        28        7        4,7,0        11.814484
365        4        20        9        9,0,0        11.647228
103        5        25        15        11,15,0        8.272156
191        5        6        12        8,12,0        10.655695
229        6        24        18        14,18,0        6.162816
596        8        9        23        23,0,0        7.479215
14        9        22        28        24,28,0        10.600195
197        9        6        27        19,27,0        10.444786
41        10        9        30        22,30,0        8.331030
278        11        3        31        25,31,0        9.199024
374        12        22        36        32,36,0        11.063522
117        13        29        42        35,42,0        10.095852
59        14        10        45        37,45,0        10.976067
128        14        28        47        39,47,0        11.080719
450        15        32        49        43,49,0        11.327620
261        16        29        53        46,53,0        8.708393
326        17        17        55        50,55,0        7.619018
#Delay 1.500000    25    25    25    25    0    0    25    0    25    0    25    0    0    25    25    0    0    25    25    0    0    25    25    25    25    0    25    25    0    25    25    25    0    0    25    25    25    0    25    0    0    25    25    0    25    1    25    0    25    4    0    0    25    0    25    
#Delay 1.643000    24    24    24    25    0    0    25    0    25    0    25    0    0    25    24    0    0    25    24    0    0    25    25    25    24    0    25    25    0    25    24    25    0    0    25    25    25    0    22    0    0    23    25    0    24    1    25    0    25    1    0    0    25    0    25    
#Delay 1.786000    24    25    21    25    0    0    24    0    25    0    23    0    0    25    23    0    0    25    23    0    0    25    24    21    25    0    25    25    0    25    25    24    0    0    25    24    25    0    24    0    0    24    24    0    24    0    25    0    24    0    0    0    25    0    25    
#Delay 1.929000    25    25    22    22    0    0    22    0    23    0    24    0    0    25    20    0    0    23    20    0    0    24    24    20    24    0    25    24    0    24    24    23    0    0    25    23    25    0    19    0    0    20    25    0    24    0    25    0    25    1    0    0    25    0    25    
#Delay 2.072000    24    22    16    22    0    0    21    0    22    0    21    0    0    23    16    0    0    22    15    0    0    21    23    18    21    0    24    24    0    22    21    21    0    0    22    21    23    0    15    0    0    13    23    0    21    0    23    0    24    0    0    0    24    0    24    
#Delay 2.215000    22    14    5    17    0    0    13    0    12    0    17    0    0    13    10    0    0    8    6    0    0    11    13    8    15    0    17    19    0    18    13    15    0    0    21    14    19    0    5    0    0    8    11    0    14    0    18    0    14    0    0    0    25    0    25    
#Delay 2.358000    22    16    7    16    0    0    10    0    14    0    17    0    0    16    9    0    0    13    2    0    0    12    17    10    15    0    18    22    0    17    11    14    0    0    20    12    21    0    8    0    0    6    17    0    15    0    19    0    19    0    0    0    25    0    25    
#Delay 2.501000    19    14    2    8    0    0    8    0    7    0    12    0    0    9    2    0    0    5    3    0    0    9    12    2    11    0    14    13    0    12    10    6    0    0    20    6    21    0    1    0    0    3    5    0    10    0    8    0    6    0    0    0    25    0    25    
#Delay 2.644000    16    2    2    5    0    0    0    0    4    0    6    0    0    4    1    0    0    4    1    0    0    3    1    1    7    0    4    7    0    6    5    3    0    0    6    2    12    0    0    0    0    1    6    0    3    0    6    0    6    0    0    0    25    0    25    
#Delay 2.787000    8    2    0    1    0    0    1    0    4    0    2    0    0    1    0    0    0    1    0    0    0    1    0    1    3    0    4    3    0    2    0    1    0    0    1    0    7    0    0    0    0    0    2    0    1    0    1    0    2    0    0    0    24    0    24    
#Delay 2.930000    10    1    0    0    0    0    0    0    1    0    3    0    0    0    1    0    0    0    0    0    0    0    1    0    0    0    0    5    0    1    0    0    0    0    2    0    4    0    0    0    0    0    2    0    3    0    1    0    2    0    0    0    25    0    25    
#Delay 3.073000    4    0    0    0    0    0    0    0    0    0    0    0    0    0    0    0    0    0    0    0    0    0    0    0    0    0    0    0    0    2    0    0    0    0    0    0    0    0    0    0    0    0    0    0    0    0    0    0    0    0    0    0    25    0    25    
#Delay 3.216000    1    0    0    0    0    0    0    0    0    0    0    0    0    0    0    0    0    0    0    0    0    0    0    0    0    0    0    0    0    1    0    0    0    0    0    0    0    0    0    0    0    0    0    0    0    0    0    0    0    0    0    0    24    0    23    
#Delay 3.359000    2    0    0    0    0    0    0    0    0    0    0    0    0    0    0    0    0    0    0    0    0    0    0    0    0    0    0    0    0    0    0    0    0    0    0    0    0    0    0    0    0    0    0    0    0    0    0    0    0    0    0    0    24    0    20    
#Delay 3.502000    0    0    0    0    0    0    0    0    0    0    0    0    0    0    0    0    0    0    0    0    0    0    0    0    0    0    0    0    0    1    0    0    0    0    0    0    0    0    0    0    0    0    0    0    0    0    0    0    0    0    0    0    23    0    18    
#Delay 3.645000    0    0    0    0    0    0    0    0    0    0    0    0    0    0    0    0    0    0    0    0    0    0    0    0    0    0    0    0    0    0    0    0    0    0    0    0    0    0    0    0    0    0    0    0    0    0    0    0    0    0    0    0    21    0    16    
#Delay 3.788000    0    0    0    0    0    0    0    0    0    0    0    0    0    0    0    0    0    0    0    0    0    0    0    0    0    0    0    0    0    2    0    0    0    0    0    0    0    0    0    0    0    0    0    0    0    0    0    0    0    0    0    0    18    0    12    
#Delay 3.931000    0    0    0    0    0    0    0    0    0    0    0    0    0    0    0    0    0    0    0    0    0    0    0    0    0    0    0    0    0    1    0    0    0    0    0    0    0    0    0    0    0    0    0    0    0    0    0    0    0    0    0    0    6    0    4    
#Delay 4.074000    0    0    0    0    0    0    0    0    0    0    0    0    0    0    0    0    0    0    0    0    0    0    0    0    0    0    0    0    0    0    0    0    0    0    0    0    0    0    0    0    0    0    0    0    0    0    0    0    0    0    0    0    2    0    1    
#Delay 4.217000    0    0    0    0    0    0    0    0    0    0    0    0    0    0    0    0    0    0    0    0    0    0    0    0    0    0    0    0    0    0    0    0    0    0    0    0    0    0    0    0    0    0    0    0    0    0    0    0    0    0    0    0    0    0    1    
#Delay 4.360000    0    0    0    0    0    0    0    0    0    0    0    0    0    0    0    0    0    0    0    0    0    0    0    0    0    0    0    0    0    1    0    0    0    0    0    0    0    0    0    0    0    0    0    0    0    0    0    0    0    0    0    0    0    0    0    
#Delay 4.503000    0    0    0    0    0    0    0    0    0    0    0    0    0    0    0    0    0    0    0    0    0    0    0    0    0    0    0    0    0    0    0    0    0    0    0    0    0    0    0    0    0    0    0    0    0    0    0    0    0    0    0    0    0    0    0    
#Delay 4.646000    0    0    0    0    0    0    0    0    0    0    0    0    0    0    0    0    0    0    0    0    0    0    0    0    0    0    0    0    0    1    0    0    0    0    0    0    0    0    0    0    0    0    0    0    0    0    0    0    0    0    0    0    0    0    0    
#Delay 4.789000    0    0    0    0    0    0    0    0    0    0    0    0    0    0    0    0    0    0    0    0    0    0    0    0    0    0    0    0    0    1    0    0    0    0    0    0    0    0    0    0    0    0    0    0    0    0    0    0    0    0    0    0    0    0    0    
#Delay 4.932000    0    0    0    0    0    0    0    0    0    0    0    0    0    0    0    0    0    0    0    0    0    0    0    0    0    0    0    0    0    1    0    0    0    0    0    0    0    0    0    0    0    0    0    0    0    0    0    0    0    0    0    0    0    0    0    
#Delay 5.075000    0    0    0    0    0    0    0    0    0    0    0    0    0    0    0    0    0    0    0    0    0    0    0    0    0    0    0    0    0    0    0    0    0    0    0    0    0    0    0    0    0    0    0    0    0    0    0    0    0    0    0    0    0    0    0    
#Delay 5.218000    0    0    0    0    0    0    0    0    0    0    0    0    0    0    0    0    0    0    0    0    0    0    0    0    0    0    0    0    0    1    0    0    0    0    0    0    0    0    0    0    0    0    0    0    0    0    0    0    0    0    0    0    0    0    0    
#Delay 5.361000    0    0    0    0    0    0    0    0    0    0    0    0    0    0    0    0    0    0    0    0    0    0    0    0    0    0    0    0    0    1    0    0    0    0    0    0    0    0    0    0    0    0    0    0    0    0    0    0    0    0    0    0    0    0    0    
#PIXEL  #BOARD  #CHANNEL  #MACROCELL L1  #ALL MACROCELLS  #ATTENUATION
503        1        21        1        1,0,0        13.413864
293        2        16        3        2,3,0        12.106316
417        2        27        7        4,7,0        11.281380
302        4        14        9        9,0,0        10.064833
102        5        29        15        11,15,0        9.337849
146        5        5        12        8,12,0        8.098101
228        6        29        18        14,18,0        8.959249
152        8        32        27        19,27,0        12.960373
515        8        4        23        23,0,0        12.201782
5        9        23        28        24,28,0        10.983194
65        10        13        30        22,30,0        8.474854
338        11        6        31        25,31,0        10.478069
311        12        17        36        32,36,0        9.819559
118        13        24        42        35,42,0        11.793255
89        14        11        45        37,45,0        8.682718
170        15        1        47        39,47,0        7.722160
262        16        30        53        46,53,0        10.655695
451        16        1        49        43,49,0        9.304699
392        17        21        55        50,55,0        10.164610
#Delay 1.500000    25    25    25    25    0    0    25    24    25    0    25    24    0    25    25    0    0    25    25    0    0    25    25    25    25    0    25    25    0    25    25    25    0    0    25    25    25    0    25    0    0    25    25    0    25    0    25    0    25    6    0    0    0    0    25    
#Delay 1.643000    25    25    25    25    0    0    25    24    24    0    25    25    0    25    25    0    0    25    25    0    0    24    25    25    25    0    25    25    0    25    25    25    0    0    25    24    25    0    25    0    0    24    25    0    25    0    25    0    25    3    0    0    0    0    25    
#Delay 1.786000    25    25    25    25    0    0    25    24    24    0    24    24    0    25    23    0    0    25    24    0    0    25    25    24    25    0    25    25    0    25    25    25    0    0    25    25    25    0    23    0    0    23    25    0    25    0    25    0    25    1    0    0    0    0    25    
#Delay 1.929000    26    26    25    26    0    0    26    25    26    0    26    25    0    24    25    0    0    24    24    0    0    24    25    25    26    0    25    26    0    25    26    26    0    0    25    26    25    0    25    0    0    23    26    0    24    0    26    0    24    0    0    0    0    0    26    
#Delay 2.072000    25    24    18    21    0    0    21    17    19    0    21    20    0    25    16    0    0    22    19    0    0    22    20    20    24    0    25    24    0    23    21    24    0    0    23    24    21    0    20    0    0    17    24    0    21    0    25    0    22    0    0    0    0    0    25    
#Delay 2.215000    21    23    18    17    0    0    12    16    18    0    18    21    0    20    14    0    0    17    15    0    0    20    21    20    21    0    22    22    0    23    19    21    0    0    23    20    18    0    10    0    0    15    20    0    16    0    23    0    19    0    0    0    0    0    25    
#Delay 2.358000    19    19    11    16    0    0    14    6    6    0    12    12    0    13    9    0    0    8    10    0    0    13    11    8    18    0    19    22    0    20    14    14    0    0    17    13    15    0    4    0    0    8    14    0    12    0    17    0    12    0    0    0    0    0    25    
#Delay 2.501000    17    16    8    7    0    0    6    2    6    0    6    9    0    14    2    0    0    5    5    0    0    7    13    5    14    0    18    14    0    15    7    15    0    0    14    14    11    0    2    0    0    3    11    0    3    0    16    0    8    0    0    0    0    0    25    
#Delay 2.644000    10    8    3    2    0    0    2    0    2    0    1    2    0    4    0    0    0    2    0    0    0    2    2    0    7    0    7    8    0    5    3    3    0    0    4    2    6    0    0    0    0    0    2    0    1    0    7    0    1    0    0    0    0    0    25    
#Delay 2.787000    5    3    0    0    0    0    0    0    0    0    0    1    0    2    0    0    0    1    0    0    0    1    1    0    5    0    4    5    0    2    1    3    0    0    4    3    1    0    0    0    0    0    1    0    0    0    5    0    1    0    0    0    0    0    25    
#Delay 2.930000    1    0    0    1    0    0    0    0    0    0    0    1    0    1    0    0    0    0    0    0    0    0    0    0    1    0    2    4    0    2    0    2    0    0    3    2    1    0    0    0    0    0    0    0    1    0    3    0    0    0    0    0    0    0    25    
#Delay 3.073000    1    1    0    0    0    0    0    0    0    0    0    0    0    0    0    0    0    0    0    0    0    0    0    0    1    0    0    0    0    1    0    0    0    0    0    0    0    0    0    0    0    0    0    0    0    0    1    0    0    0    0    0    0    0    25    
#Delay 3.216000    1    0    0    0    0    0    0    0    0    0    0    0    0    0    0    0    0    0    0    0    0    0    0    0    1    0    0    0    0    1    0    0    0    0    0    0    0    0    0    0    0    0    0    0    0    0    0    0    0    0    0    0    0    0    23    
#Delay 3.359000    0    0    0    0    0    0    0    0    0    0    0    0    0    0    0    0    0    0    0    0    0    0    0    0    0    0    0    0    0    1    0    0    0    0    0    0    0    0    0    0    0    0    0    0    0    0    0    0    0    0    0    0    0    0    23    
#Delay 3.502000    0    0    0    0    0    0    0    0    0    0    0    0    0    0    0    0    0    0    0    0    0    0    0    0    0    0    0    0    0    0    0    0    0    0    0    0    0    0    0    0    0    0    0    0    0    0    0    0    0    0    0    0    0    0    19    
#Delay 3.645000    0    0    0    0    0    0    0    0    0    0    0    0    0    0    0    0    0    0    0    0    0    0    0    0    0    0    0    0    0    1    0    0    0    0    0    0    0    0    0    0    0    0    0    0    0    0    0    0    0    0    0    0    0    0    19    
#Delay 3.788000    0    0    0    0    0    0    0    0    0    0    0    0    0    0    0    0    0    0    0    0    0    0    0    0    0    0    0    0    0    2    0    0    0    0    0    0    0    0    0    0    0    0    0    0    0    0    0    0    0    0    0    0    0    0    13    
#Delay 3.931000    0    0    0    0    0    0    0    0    0    0    0    0    0    0    0    0    0    0    0    0    0    0    0    0    0    0    0    0    0    0    0    0    0    0    0    0    0    0    0    0    0    0    0    0    0    0    0    0    0    0    0    0    0    0    9    
#Delay 4.074000    0    0    0    0    0    0    0    0    0    0    0    0    0    0    0    0    0    0    0    0    0    0    0    0    0    0    0    0    0    1    0    0    0    0    0    0    0    0    0    0    0    0    0    0    0    0    0    0    0    0    0    0    0    0    3    
#Delay 4.217000    0    0    0    0    0    0    0    0    0    0    0    0    0    0    0    0    0    0    0    0    0    0    0    0    0    0    0    0    0    1    0    0    0    0    0    0    0    0    0    0    0    0    0    0    0    0    0    0    0    0    0    0    0    0    0    
#Delay 4.360000    0    0    0    0    0    0    0    0    0    0    0    0    0    0    0    0    0    0    0    0    0    0    0    0    0    0    0    0    0    2    0    0    0    0    0    0    0    0    0    0    0    0    0    0    0    0    0    0    0    0    0    0    0    0    0    
#Delay 4.503000    0    0    0    0    0    0    0    0    0    0    0    0    0    0    0    0    0    0    0    0    0    0    0    0    0    0    0    0    0    1    0    0    0    0    0    0    0    0    0    0    0    0    0    0    0    0    0    0    0    0    0    0    0    0    1    
#Delay 4.646000    0    0    0    0    0    0    0    0    0    0    0    0    0    0    0    0    0    0    0    0    0    0    0    0    0    0    0    0    0    0    0    0    0    0    2    0    0    0    0    0    0    0    0    0    0    0    0    0    0    0    0    0    0    0    0    
#Delay 4.789000    0    0    0    0    0    0    0    0    0    0    0    0    0    0    0    0    0    0    0    0    0    0    0    0    0    0    0    0    0    1    0    0    0    0    0    0    0    0    0    0    0    0    0    0    0    0    0    0    0    0    0    0    0    0    0    
#Delay 4.932000    0    0    0    0    0    0    0    0    0    0    0    0    0    0    0    0    0    0    0    0    0    0    0    0    0    0    0    0    0    1    0    0    0    0    0    0    0    0    0    0    0    0    0    0    0    0    0    0    0    0    0    0    0    0    0    
#Delay 5.075000    0    0    0    0    0    0    0    0    0    0    0    0    0    0    0    0    0    0    0    0    0    0    0    0    0    0    0    0    0    1    0    0    0    0    1    0    0    0    0    0    0    0    0    0    0    0    0    0    0    0    0    0    0    0    0    
#Delay 5.218000    0    0    0    0    0    0    0    0    0    0    0    0    0    0    0    0    0    0    0    0    0    0    0    0    0    0    0    0    0    0    0    0    0    0    0    0    0    0    0    0    0    0    0    0    0    0    0    0    0    0    0    0    0    0    0    
#Delay 5.361000    0    0    0    0    0    0    0    0    0    0    0    0    0    0    0    0    0    0    0    0    0    0    0    0    0    0    0    0    0    1    0    0    0    0    0    0    0    0    0    0    0    0    0    0    0    0    0    0    0    0    0    0    0    0    0    
