#PIXEL  #BOARD  #CHANNEL  #MACROCELL L1  #ALL MACROCELLS  #ATTENUATION
582        1        25        1        1,0,0        13.232849
354        2        24        3        3,0,0        11.198256
570        3        19        7        7,0,0        11.640774
363        4        18        9        6,9,0        10.930010
189        5        15        12        5,12,0        8.482965
183        6        4        15        10,15,0        9.228199
345        7        5        18        13,18,0        10.457733
406        7        20        31        26,31,0        12.842714
438        7        32        23        17,23,0        11.340279
12        9        11        28        16,28,0        10.614376
111        9        4        27        20,27,0        11.651619
97        10        11        30        21,30,0        10.728188
252        12        9        36        29,36,0        9.690626
55        13        16        42        33,42,0        11.999325
61        14        1        45        34,45,0        10.508558
220        14        30        47        38,47,0        11.740627
316        15        25        49        40,49,0        9.541368
163        16        20        53        44,53,0        10.713146
328        17        19        55        48,55,0        7.912509
#Delay 1.500000    25    0    24    0    25    25    25    0    25    25    0    25    25    0    25    25    25    25    0    25    24    0    25    0    0    25    25    25    25    25    25    0    25    25    0    25    0    25    0    25    0    25    0    6    25    0    25    7    25    0    0    0    25    0    25    
#Delay 1.643000    24    0    24    0    25    25    25    0    25    25    0    25    25    0    25    24    25    25    0    25    24    0    25    0    0    25    25    25    25    25    25    0    25    25    0    25    0    25    0    24    0    25    0    3    25    0    23    3    24    0    0    0    25    0    25    
#Delay 1.786000    24    0    25    0    24    25    25    0    25    23    0    24    25    0    24    24    25    25    0    25    22    0    25    0    0    25    25    25    25    25    25    0    25    25    0    24    0    25    0    25    0    25    0    0    25    0    25    0    25    0    0    0    25    0    25    
#Delay 1.929000    24    0    24    0    24    25    25    0    25    25    0    24    25    0    25    23    25    25    0    25    23    0    25    0    0    25    25    25    25    25    25    0    25    25    0    24    0    25    0    25    0    25    0    0    25    0    23    1    25    0    0    0    25    0    25    
#Delay 2.072000    23    0    23    0    21    23    23    0    22    20    0    24    20    0    22    21    21    24    0    24    20    0    22    0    0    24    21    24    23    23    22    0    21    24    0    15    0    22    0    21    0    24    0    0    24    0    19    0    21    0    0    0    24    0    24    
#Delay 2.215000    21    0    20    0    17    19    22    0    19    14    0    23    22    0    17    17    22    23    0    21    13    0    22    0    0    24    19    25    23    25    17    0    17    23    0    17    0    22    0    22    0    22    0    0    23    0    18    0    20    0    0    0    25    0    25    
#Delay 2.358000    16    0    14    0    15    15    18    0    12    11    0    19    14    0    14    9    16    21    0    18    11    0    18    0    0    21    13    21    20    22    16    0    13    19    0    10    0    16    0    20    0    19    0    0    20    0    8    0    17    0    0    0    24    0    24    
#Delay 2.501000    12    0    5    0    6    9    11    0    4    6    0    18    8    0    7    3    12    12    0    13    7    0    16    0    0    18    10    20    15    23    6    0    9    14    0    4    0    13    0    13    0    16    0    0    14    0    4    0    10    0    0    0    25    0    25    
#Delay 2.644000    5    0    2    0    3    4    5    0    3    0    0    11    6    0    0    1    4    8    0    10    0    0    5    0    0    13    2    16    9    13    2    0    1    8    0    1    0    7    0    9    0    11    0    0    9    0    2    0    6    0    0    0    25    0    25    
#Delay 2.787000    3    0    2    0    1    2    3    0    1    1    0    7    3    0    1    2    3    6    0    5    1    0    5    0    0    6    1    7    4    11    0    0    2    9    0    0    0    2    0    8    0    9    0    0    10    0    1    0    5    0    0    0    25    0    25    
#Delay 2.930000    2    0    0    0    1    1    2    0    1    0    0    4    3    0    1    1    2    5    0    2    0    0    4    0    0    5    1    9    3    10    0    0    1    5    0    0    0    3    0    4    0    3    0    0    5    0    0    0    2    0    0    0    25    0    25    
#Delay 3.073000    1    0    1    0    1    0    0    0    0    0    0    2    0    0    0    1    1    1    0    2    0    0    1    0    0    1    1    2    2    6    1    0    0    1    0    0    0    2    0    4    0    1    0    0    1    0    0    0    1    0    0    0    25    0    25    
#Delay 3.216000    0    0    0    0    0    0    0    0    0    0    0    0    0    0    0    0    0    1    0    0    0    0    0    0    0    0    0    3    0    1    0    0    0    0    0    0    0    1    0    0    0    0    0    0    0    0    0    0    0    0    0    0    25    0    25    
#Delay 3.359000    0    0    0    0    0    0    0    0    0    0    0    0    0    0    0    0    0    0    0    0    0    0    0    0    0    0    0    0    0    1    0    0    0    0    0    0    0    0    0    0    0    0    0    0    0    0    0    0    0    0    0    0    23    0    24    
#Delay 3.502000    0    0    0    0    0    0    0    0    0    0    0    0    0    0    0    0    0    0    0    0    0    0    0    0    0    0    0    0    0    2    0    0    0    0    0    0    0    0    0    0    0    0    0    0    0    0    0    0    0    0    0    0    23    0    19    
#Delay 3.645000    0    0    0    0    0    0    0    0    0    0    0    0    0    0    0    0    0    0    0    0    0    0    0    0    0    0    0    0    0    1    0    0    0    0    0    0    0    0    0    0    0    0    0    0    0    0    0    0    0    0    0    0    16    0    13    
#Delay 3.788000    0    0    0    0    0    0    0    0    0    0    0    0    0    0    0    0    0    0    0    0    0    0    0    0    0    0    0    0    0    0    0    0    0    0    0    0    0    0    0    0    0    0    0    0    0    0    0    0    0    0    0    0    13    0    5    
#Delay 3.931000    0    0    0    0    0    0    0    0    0    0    0    0    0    0    0    0    0    0    0    0    0    0    0    0    0    0    0    0    0    2    0    0    0    0    0    0    0    0    0    0    0    0    0    0    0    0    0    0    0    0    0    0    6    0    4    
#Delay 4.074000    0    0    0    0    0    0    0    0    0    0    0    0    0    0    0    0    0    0    0    0    0    0    0    0    0    0    0    0    0    0    0    0    0    0    0    0    0    0    0    0    0    0    0    0    0    0    0    0    0    0    0    0    1    0    1    
#Delay 4.217000    0    0    0    0    0    0    0    0    0    0    0    0    0    0    0    0    0    0    0    0    0    0    0    0    0    0    0    0    0    0    0    0    0    0    0    0    0    0    0    0    0    0    0    0    0    0    0    0    0    0    0    0    2    0    1    
#Delay 4.360000    0    0    0    0    0    0    0    0    0    0    0    0    0    0    0    0    0    0    0    0    0    0    0    0    0    0    0    0    0    1    0    0    0    0    0    0    0    0    0    0    0    0    0    0    0    0    0    0    0    0    0    0    0    0    0    
#Delay 4.503000    0    0    0    0    0    0    0    0    0    0    0    0    0    0    0    0    0    0    0    0    0    0    0    0    0    0    0    0    0    0    0    0    0    0    0    0    0    0    0    0    0    0    0    0    0    0    0    0    0    0    0    0    0    0    0    
#Delay 4.646000    0    0    0    0    0    0    0    0    0    0    0    0    0    0    0    0    0    0    0    0    0    0    0    0    0    0    0    0    0    0    0    0    0    0    0    0    0    0    0    0    0    0    0    0    0    0    0    0    0    0    0    0    0    0    0    
#Delay 4.789000    0    0    0    0    0    0    0    0    0    0    0    0    0    0    0    0    0    0    0    0    0    0    0    0    0    0    0    0    0    1    0    0    0    0    0    0    0    0    0    0    0    0    0    0    0    0    0    0    0    0    0    0    0    0    0    
#Delay 4.932000    0    0    0    0    0    0    0    0    0    0    0    0    0    0    0    0    0    0    0    0    0    0    0    0    0    0    0    0    0    1    0    0    0    0    0    0    0    0    0    0    0    0    0    0    0    0    0    0    0    0    0    0    0    0    0    
#Delay 5.075000    0    0    0    0    0    0    0    0    0    0    0    0    0    0    0    0    0    0    0    0    0    0    0    0    0    0    0    0    0    2    0    0    0    0    0    0    0    0    0    0    0    0    0    0    0    0    0    0    0    0    0    0    0    0    0    
#Delay 5.218000    0    0    0    0    0    0    0    0    0    0    0    0    0    0    0    0    0    0    0    0    0    0    0    0    0    0    0    0    0    0    0    0    0    0    0    0    0    0    0    0    0    0    0    0    0    0    0    0    0    0    0    0    0    0    0    
#Delay 5.361000    0    0    0    0    0    0    0    0    0    0    0    0    0    0    0    0    0    0    0    0    0    0    0    0    0    0    0    0    0    0    0    0    0    0    0    0    0    0    0    0    0    0    0    0    0    0    0    0    0    0    0    0    0    0    0    
#PIXEL  #BOARD  #CHANNEL  #MACROCELL L1  #ALL MACROCELLS  #ATTENUATION
501        1        19        1        1,2,0        13.624561
353        2        23        3        3,4,0        10.509865
569        3        18        7        7,0,0        10.322674
300        4        12        9        6,8,9        11.745710
144        5        14        12        5,11,12        10.078331
182        6        10        15        10,14,15        10.691338
344        7        11        18        13,18,0        11.711723
369        7        28        23        17,19,23        9.983929
78        8        30        27        20,24,27        10.704641
11        9        12        28        16,22,28        11.271717
133        10        15        30        21,25,30        8.431448
478        11        14        31        26,31,0        11.530819
201        12        3        36        29,35,36        11.072733
56        13        11        42        33,37,42        9.175711
91        14        2        45        34,39,45        10.655695
274        15        3        47        38,41,47        8.953892
317        15        26        49        40,46,49        10.665371
211        16        21        53        44,50,53        8.807667
394        17        23        55        48,51,55        10.575653
#Delay 1.500000    23    24    25    25    25    25    25    25    25    25    25    25    25    25    25    25    25    25    25    25    25    25    25    25    25    25    25    25    25    25    25    0    25    0    25    25    25    25    0    25    25    25    0    12    0    25    25    24    25    5    6    0    25    0    25    
#Delay 1.643000    25    25    25    25    25    25    25    24    24    25    25    25    24    25    25    25    25    25    25    25    25    25    25    25    25    25    25    25    25    25    25    0    25    0    25    25    25    25    0    25    25    25    0    9    0    25    25    22    25    5    4    0    25    0    25    
#Delay 1.786000    25    25    25    25    23    25    25    25    24    25    25    25    24    25    25    24    25    25    20    25    22    24    25    25    25    25    25    25    25    25    24    0    25    0    25    24    25    25    0    25    25    25    0    2    0    25    25    12    25    0    0    0    25    0    25    
#Delay 1.929000    22    24    25    25    22    22    24    21    19    25    24    24    24    25    25    23    25    25    18    25    19    23    25    24    22    23    25    25    25    25    23    0    24    0    25    22    24    25    0    25    24    24    0    0    0    21    24    10    24    0    0    0    25    0    25    
#Delay 2.072000    19    24    24    24    21    22    22    18    16    24    23    23    21    25    24    14    24    25    13    23    10    20    23    18    19    18    22    21    25    23    13    0    22    0    25    17    24    25    0    24    18    22    0    0    0    19    22    5    20    0    0    0    25    0    25    
#Delay 2.215000    21    26    23    23    14    22    21    17    9    23    21    19    17    26    23    13    25    21    10    25    5    17    21    21    19    22    25    22    24    22    19    0    24    0    22    13    24    24    0    24    16    24    0    0    0    18    19    4    21    0    0    0    26    0    26    
#Delay 2.358000    15    22    14    13    12    12    13    6    4    15    16    15    10    18    15    2    18    16    2    22    3    9    11    7    8    17    15    14    23    13    9    0    17    0    18    10    20    17    0    19    5    16    0    0    0    8    10    1    15    0    0    0    25    0    25    
#Delay 2.501000    11    21    10    9    7    11    9    7    5    11    15    13    11    17    12    2    15    15    4    13    3    4    12    6    10    10    9    8    13    13    7    0    11    0    13    7    16    17    0    14    7    11    0    0    0    4    9    0    10    0    0    0    25    0    25    
#Delay 2.644000    6    13    5    5    2    5    3    2    0    8    6    3    3    17    9    2    13    8    1    10    0    3    3    2    4    4    8    4    10    9    1    0    3    0    9    2    9    7    0    10    2    3    0    0    0    3    4    0    7    0    0    0    26    0    26    
#Delay 2.787000    3    12    2    0    0    1    0    0    0    2    6    5    1    7    3    0    5    4    0    8    0    0    1    1    1    2    5    0    10    8    0    0    1    0    7    0    1    4    0    4    0    0    0    0    0    0    0    0    3    0    0    0    25    0    25    
#Delay 2.930000    3    8    1    1    0    0    0    0    0    1    0    0    0    11    1    0    2    3    0    4    0    0    1    0    0    1    0    0    2    1    1    0    1    0    2    0    1    1    0    1    0    0    0    0    0    0    0    0    0    0    0    0    25    0    25    
#Delay 3.073000    0    6    0    0    0    0    0    0    0    0    0    0    0    2    0    0    0    1    0    3    0    0    0    0    0    1    2    0    2    2    0    0    1    0    2    0    1    1    0    1    0    1    0    0    0    0    0    0    0    0    0    0    25    0    25    
#Delay 3.216000    0    1    0    0    0    0    0    0    0    0    0    0    0    1    0    0    1    0    0    0    0    0    0    0    0    1    0    0    1    1    1    0    0    0    1    0    0    0    0    0    0    0    0    0    0    0    0    0    0    0    0    0    25    0    25    
#Delay 3.359000    0    1    0    0    0    0    0    0    0    0    0    0    0    0    0    0    1    0    0    0    0    0    0    0    0    0    0    0    0    2    0    0    0    0    0    0    0    0    0    0    0    0    0    0    0    0    0    0    0    0    0    0    25    0    25    
#Delay 3.502000    0    1    0    0    0    0    0    0    0    0    0    0    0    0    0    0    0    0    0    0    0    0    0    0    0    0    0    0    0    1    0    0    0    0    0    0    0    0    0    0    0    0    0    0    0    0    0    0    0    0    0    0    24    0    24    
#Delay 3.645000    0    0    0    0    0    0    0    0    0    0    0    0    0    0    0    0    0    0    0    0    0    0    0    0    0    0    0    0    0    1    0    0    0    0    0    0    0    0    0    0    0    0    0    0    0    0    0    0    0    0    0    0    23    0    23    
#Delay 3.788000    0    0    0    0    0    0    0    0    0    0    0    0    0    0    0    0    0    0    0    0    0    0    0    0    0    0    0    0    0    1    0    0    0    0    0    0    0    0    0    0    0    0    0    0    0    0    0    0    0    0    0    0    22    0    23    
#Delay 3.931000    0    0    0    0    0    0    0    0    0    0    0    0    0    0    0    0    0    0    0    0    0    0    0    0    0    0    0    0    0    0    0    0    0    0    0    0    0    0    0    0    0    0    0    0    0    0    0    0    0    0    0    0    20    0    19    
#Delay 4.074000    0    0    0    0    0    0    0    0    0    0    0    0    0    0    0    0    0    0    0    0    0    0    0    0    0    0    0    0    0    1    0    0    0    0    0    0    0    0    0    0    0    0    0    0    0    0    0    0    0    0    0    0    15    0    17    
#Delay 4.217000    0    0    0    0    0    0    0    0    0    0    0    0    0    0    0    0    0    0    0    0    0    0    0    0    0    0    0    0    0    2    0    0    0    0    0    0    0    0    0    0    0    0    0    0    0    0    0    0    0    0    0    0    13    0    13    
#Delay 4.360000    0    0    0    0    0    0    0    0    0    0    0    0    0    0    0    0    0    0    0    0    0    0    0    0    0    0    0    0    0    0    0    0    0    0    0    0    0    0    0    0    0    0    0    0    0    0    0    0    0    0    0    0    5    0    6    
#Delay 4.503000    0    0    0    0    0    0    0    0    0    0    0    0    0    0    0    0    0    0    0    0    0    0    0    0    0    0    0    0    0    2    0    0    0    0    0    0    0    0    0    0    0    0    0    0    0    0    0    0    0    0    0    0    1    0    3    
#Delay 4.646000    0    0    0    0    0    0    0    0    0    0    0    0    0    0    0    0    0    0    0    0    0    0    0    0    0    0    0    0    0    3    0    0    0    0    1    0    0    0    0    0    0    0    0    0    0    0    0    0    0    0    0    0    2    0    0    
#Delay 4.789000    0    0    0    0    0    0    0    0    0    0    0    0    0    0    0    0    0    0    0    0    0    0    0    0    0    0    0    0    0    1    0    0    0    0    0    0    0    0    0    0    0    0    0    0    0    0    0    0    0    0    1    0    0    0    1    
#Delay 4.932000    0    0    0    0    0    0    0    0    0    0    0    0    0    0    0    0    0    0    0    0    0    0    0    0    0    0    0    0    0    1    0    0    0    0    1    0    0    0    0    0    0    0    0    0    0    0    0    0    0    0    0    0    0    0    0    
#Delay 5.075000    0    0    0    0    0    0    0    0    0    0    0    0    0    0    0    0    0    0    0    0    0    0    0    0    0    0    0    0    0    0    0    0    0    0    0    0    0    0    0    0    0    0    0    0    0    0    0    0    0    0    0    0    0    0    0    
#Delay 5.218000    0    0    0    0    0    0    0    0    0    0    0    0    0    0    0    0    0    0    0    0    0    0    0    0    0    0    0    0    0    0    0    0    0    0    0    0    0    0    0    0    0    0    0    0    0    0    0    0    0    0    0    0    0    0    0    
#Delay 5.361000    0    0    0    0    0    0    0    0    0    0    0    0    0    0    0    0    0    0    0    0    0    0    0    0    0    0    0    0    0    1    0    0    0    0    0    0    0    0    0    0    0    0    0    0    0    0    0    0    0    0    0    0    0    0    0    
#PIXEL  #BOARD  #CHANNEL  #MACROCELL L1  #ALL MACROCELLS  #ATTENUATION
426        1        10        1        1,2,0        13.898781
352        2        22        3        3,4,0        8.272877
568        3        17        7        7,0,0        10.392712
243        4        5        9        8,9,0        9.966791
105        5        13        12        11,12,0        10.655695
181        6        15        15        14,15,0        11.180298
306        7        25        23        19,23,0        9.941761
343        7        16        18        18,0,0        11.325062
51        8        24        27        24,27,0        9.492458
10        9        13        28        22,28,0        10.931673
175        10        20        30        25,30,0        12.155460
156        11        30        36        35,36,0        10.765076
556        11        19        31        31,0,0        9.118755
57        13        6        42        37,42,0        10.614113
127        14        3        45        39,45,0        10.337093
318        15        27        49        46,49,0        9.859180
334        15        9        47        41,47,0        8.399208
265        16        22        53        50,53,0        9.795631
466        17        24        55        51,55,0        9.781645
#Delay 0.010000    0    0    24    24    0    0    0    23    23    0    0    0    0    9    2    0    0    17    14    0    0    24    24    24    0    0    24    24    0    1    24    0    0    0    0    0    24    0    20    0    24    23    0    0    22    24    24    0    24    0    5    0    24    0    24    
#Delay 0.260000    0    0    25    25    0    0    0    13    13    0    0    0    0    5    0    0    0    6    4    0    0    24    18    25    0    0    25    25    0    1    25    0    0    0    0    0    25    0    9    0    25    25    0    0    15    25    25    0    25    0    0    0    25    0    25    
#Delay 0.510000    0    0    25    25    0    0    0    7    6    0    0    0    0    2    0    0    0    0    2    0    0    16    7    25    0    0    25    25    0    0    25    0    0    0    0    0    25    0    0    0    25    23    0    0    5    21    25    0    24    0    0    0    25    0    25    
#Delay 0.760000    0    0    25    25    0    0    0    3    2    0    0    0    0    0    0    0    0    0    0    0    0    13    2    25    0    0    25    19    0    0    23    0    0    0    0    0    23    0    0    0    25    16    0    0    1    13    25    0    19    0    0    0    25    0    25    
#Delay 1.010000    0    0    24    23    0    0    0    0    0    0    0    0    0    0    0    0    0    0    0    0    0    6    0    24    0    0    25    8    0    1    15    0    0    0    0    0    9    0    0    0    17    6    0    0    0    6    17    0    8    0    0    0    19    0    25    
#Delay 1.260000    0    0    23    21    0    0    0    0    0    0    0    0    0    0    0    0    0    0    0    0    0    0    0    25    0    0    25    1    0    0    12    0    0    0    0    0    5    0    0    0    12    0    0    0    0    1    12    0    3    0    0    0    18    0    25    
#Delay 1.510000    0    0    9    6    0    0    0    0    0    0    0    0    0    0    0    0    0    0    0    0    0    0    0    20    0    0    24    0    0    1    4    0    0    0    0    0    2    0    0    0    8    0    0    0    0    0    8    0    1    0    0    0    11    0    25    
#Delay 1.760000    0    0    1    0    0    0    0    0    0    0    0    0    0    0    0    0    0    0    0    0    0    0    0    5    0    0    17    0    0    2    0    0    0    0    0    0    0    0    0    0    0    0    0    0    0    0    0    0    0    0    1    0    5    0    25    
#Delay 2.010000    0    0    0    0    0    0    0    0    0    0    0    0    0    0    0    0    0    0    0    0    0    0    0    2    0    0    4    0    0    0    1    0    0    0    0    0    0    0    0    0    1    0    0    0    0    0    1    0    0    0    0    0    0    0    25    
#Delay 2.260000    0    0    0    0    0    0    0    0    0    0    0    0    0    0    0    0    0    0    0    0    0    0    0    0    0    0    0    0    0    1    0    0    0    0    1    0    0    0    0    0    0    0    0    0    0    0    0    0    0    0    0    0    0    0    23    
#Delay 2.510000    0    0    0    0    0    0    0    0    0    0    0    0    0    0    0    0    0    0    0    0    0    0    0    0    0    0    0    0    0    0    0    0    0    0    0    0    0    0    0    0    0    0    0    0    0    0    0    0    0    0    0    0    0    0    15    
#Delay 2.760000    0    0    0    0    0    0    0    0    0    0    0    0    0    0    0    0    0    0    0    0    0    0    0    0    0    0    0    0    0    0    0    0    0    0    1    0    0    0    0    0    0    0    0    0    0    0    0    0    0    0    0    0    0    0    4    
#Delay 3.010000    0    0    0    0    0    0    0    0    0    0    0    0    0    0    0    0    0    0    0    0    0    0    0    0    0    0    0    0    0    1    0    0    0    0    0    0    0    0    0    0    0    0    0    0    0    0    0    0    0    0    0    0    0    0    0    
#Delay 3.260000    0    0    0    0    0    0    0    0    0    0    0    0    0    0    0    0    0    0    0    0    0    0    0    0    0    0    0    0    0    0    0    0    0    0    0    0    0    0    0    0    0    0    0    0    0    0    0    0    0    0    1    0    0    0    0    
#Delay 3.510000    0    0    0    0    0    0    0    0    0    0    0    0    0    0    0    0    0    0    0    0    0    0    0    0    0    0    0    0    0    1    0    0    0    0    0    0    0    0    0    0    0    0    0    0    0    0    0    0    0    0    0    0    0    0    0    
#Delay 3.760000    0    0    0    0    0    0    0    0    0    0    0    0    0    0    0    0    0    0    0    0    0    0    0    0    0    0    0    0    0    0    0    0    0    0    0    0    0    0    0    0    0    0    0    0    0    0    0    0    0    0    0    0    0    0    0    
#Delay 4.010000    0    0    0    0    0    0    0    0    0    0    0    0    0    0    0    0    0    0    0    0    0    0    0    0    0    0    0    0    0    1    0    0    0    0    1    0    0    0    0    0    0    0    0    0    0    0    0    0    0    0    0    0    0    0    0    
#Delay 4.260000    0    0    0    0    0    0    0    0    0    0    0    0    0    0    0    0    0    0    0    0    0    0    0    0    0    0    0    0    0    1    0    0    0    0    0    0    0    0    0    0    0    0    0    0    0    0    0    0    0    0    0    0    0    0    0    
#Delay 4.510000    0    0    0    0    0    0    0    0    0    0    0    0    0    0    0    0    0    0    0    0    0    0    0    0    0    0    0    0    0    0    0    0    0    0    0    0    0    0    0    0    0    0    0    0    0    0    0    0    0    0    0    0    0    0    0    
#Delay 4.760000    0    0    0    0    0    0    0    0    0    0    0    0    0    0    0    0    0    0    0    0    0    0    0    0    0    0    0    0    0    0    0    0    0    0    0    0    0    0    0    0    1    0    0    0    0    0    0    0    0    0    0    0    0    0    0    
#Delay 5.010000    0    0    0    0    0    0    0    0    0    0    0    0    0    0    0    0    0    0    0    0    0    0    0    0    0    0    0    0    0    0    0    0    0    0    0    0    0    0    0    0    0    0    0    0    0    0    0    0    0    0    0    0    0    0    0    
#Delay 5.260000    0    0    0    0    0    0    0    0    0    0    0    0    0    0    0    0    0    0    0    0    0    0    0    0    0    0    0    0    0    2    0    0    0    0    0    0    0    0    0    0    0    0    0    0    0    0    0    0    0    0    0    0    0    0    0    
#Delay 5.510000    0    0    0    0    0    0    0    0    0    0    0    0    0    0    0    0    0    0    0    0    0    0    0    0    0    0    0    0    0    0    0    0    0    0    0    0    0    0    0    0    0    0    0    0    0    0    0    0    0    0    0    0    0    0    0    
#Delay 5.760000    0    0    0    0    0    0    0    0    0    0    0    0    0    0    0    0    0    0    0    0    0    0    0    0    0    0    0    0    0    0    0    0    0    0    0    0    0    0    0    0    0    0    0    0    0    0    0    0    0    0    0    0    0    0    0    
#Delay 6.010000    0    0    0    0    0    0    0    0    0    0    0    0    0    0    0    0    0    0    0    0    0    0    0    0    0    0    0    0    0    1    0    0    0    0    0    0    0    0    0    0    0    0    0    0    0    0    0    0    0    0    0    0    0    0    0    
#Delay 6.260000    0    0    0    0    0    0    0    0    0    0    0    0    0    0    0    0    0    0    0    0    0    0    0    0    0    0    0    0    0    0    0    0    0    0    0    0    0    0    0    0    0    0    0    0    0    0    0    0    0    0    0    0    0    0    0    
#Delay 6.510000    0    0    0    0    0    0    0    0    0    0    0    0    0    0    0    0    0    0    0    0    0    0    0    0    0    0    0    0    0    0    0    0    0    0    0    0    0    0    0    0    0    0    0    0    0    0    0    0    0    0    1    0    0    0    0    
#Delay 6.760000    0    0    0    0    0    0    0    0    0    0    0    0    0    0    0    0    0    0    0    0    0    0    0    0    0    0    0    0    0    0    0    0    0    0    0    0    0    0    0    0    0    0    0    0    0    0    0    0    0    0    0    0    0    0    0    
#PIXEL  #BOARD  #CHANNEL  #MACROCELL L1  #ALL MACROCELLS  #ATTENUATION
355        1        15        3        2,3,0        14.333565
583        1        26        1        1,0,0        14.286665
491        3        14        7        4,7,0        11.211636
364        4        19        9        6,9,0        8.042957
140        5        30        15        10,11,15        10.809147
190        5        11        12        5,8,12        11.078876
284        6        30        18        13,14,18        10.279552
514        8        3        23        17,23,0        11.570662
13        9        16        28        16,24,28        11.689522
151        9        5        27        19,20,27        10.465405
66        10        10        30        21,22,30        8.095909
339        11        7        31        25,26,31        11.257812
310        12        16        36        29,32,36        11.489023
83        13        23        42        33,35,42        10.600266
60        14        5        45        34,37,45        10.427853
171        14        29        47        38,39,47        11.159893
380        15        28        49        40,43,49        11.249020
209        16        24        53        44,46,53        11.215113
327        17        18        55        48,50,55        9.801689
#Delay 0.010000    0    0    0    25    9    25    24    6    25    4    12    15    0    3    10    0    25    1    0    3    25    25    23    0    4    15    4    0    24    25    4    9    8    0    19    8    0    3    0    0    0    10    0    0    0    0    1    2    0    0    0    0    25    0    25    
#Delay 0.260000    0    0    0    22    3    24    22    0    24    1    4    11    0    0    3    0    21    0    0    0    24    24    14    0    0    5    0    0    15    24    0    1    1    0    8    1    0    0    0    0    0    1    0    0    0    0    0    0    0    0    0    0    24    0    24    
#Delay 0.510000    0    0    0    22    0    25    20    0    25    0    0    1    0    0    0    0    13    0    0    0    25    25    9    0    0    0    0    0    10    25    0    1    0    0    6    1    0    0    0    0    0    0    0    0    0    0    0    0    0    0    0    0    24    0    25    
#Delay 0.760000    0    0    0    9    0    24    9    0    22    0    0    1    0    0    0    0    4    0    0    0    25    25    4    0    0    0    0    0    2    25    0    0    0    0    1    0    0    0    0    0    0    0    0    0    0    0    0    0    0    0    0    0    24    0    25    
#Delay 1.010000    0    0    0    4    0    18    3    0    11    0    0    0    0    0    0    0    0    0    0    0    25    25    0    0    0    0    0    0    0    25    0    0    0    0    0    0    0    0    0    0    0    0    0    0    0    0    0    0    0    0    0    0    13    0    25    
#Delay 1.260000    0    0    0    1    0    10    0    0    5    0    0    0    0    0    0    0    0    0    0    0    21    25    0    0    0    0    0    0    0    25    0    0    0    0    0    0    0    0    0    0    0    0    0    0    0    0    0    0    0    0    0    0    8    0    24    
#Delay 1.510000    0    0    0    0    0    1    0    0    1    0    0    0    0    0    0    0    0    0    0    0    15    23    0    0    0    0    0    0    0    23    0    0    0    0    1    0    0    0    0    0    0    0    0    0    0    0    0    0    0    0    0    0    0    0    21    
#Delay 1.760000    0    0    0    0    0    0    0    0    0    0    0    0    0    0    0    0    0    0    0    0    9    15    0    0    0    0    0    0    0    17    0    0    0    0    0    0    0    0    0    0    0    0    0    0    0    0    0    0    0    0    0    0    1    0    12    
#Delay 2.010000    0    0    0    0    0    0    0    0    0    0    0    0    0    0    0    0    0    0    0    0    0    6    0    0    0    0    0    0    0    9    0    0    0    0    1    0    0    0    0    0    0    0    0    0    0    0    0    0    0    0    0    0    0    0    6    
#Delay 2.260000    0    0    0    0    0    0    0    0    0    0    0    0    0    0    0    0    0    0    0    0    0    1    0    0    0    0    0    0    0    3    0    0    0    0    0    0    0    0    0    0    0    0    0    0    0    0    0    0    0    0    0    0    0    0    2    
#Delay 2.510000    0    0    0    0    0    0    0    0    0    0    0    0    0    0    0    0    0    0    0    0    0    0    0    0    0    0    0    0    0    0    0    0    0    0    0    0    0    0    0    0    0    0    0    0    0    0    0    0    0    0    0    0    0    0    0    
#Delay 2.760000    0    0    0    0    0    0    0    0    0    0    0    0    0    0    0    0    0    0    0    0    0    0    0    0    0    0    0    0    0    1    0    0    0    0    0    0    0    0    0    0    0    0    0    0    0    0    0    0    0    0    0    0    0    0    0    
#Delay 3.010000    0    0    0    0    0    0    0    0    0    0    0    0    0    0    0    0    0    0    0    0    0    0    0    0    0    0    0    0    0    0    0    0    0    0    0    0    0    0    0    0    0    0    0    0    0    0    0    0    0    0    0    0    0    0    0    
#Delay 3.260000    0    0    0    0    0    0    0    0    0    0    0    0    0    0    0    0    0    0    0    0    0    0    0    0    0    0    0    0    0    1    0    0    0    0    0    0    0    0    0    0    0    0    0    0    0    0    0    0    0    0    0    0    0    0    0    
#Delay 3.510000    0    0    0    0    0    0    0    0    0    0    0    0    0    0    0    0    0    0    0    0    0    0    0    0    0    0    0    0    0    0    0    0    0    0    0    0    0    0    0    0    0    0    0    0    0    0    0    0    0    0    0    0    0    0    0    
#Delay 3.760000    0    0    0    0    0    0    0    0    0    0    0    0    0    0    0    0    0    0    0    0    0    0    0    0    0    0    0    0    0    0    0    0    0    0    0    0    0    0    0    0    0    0    0    0    0    0    0    0    0    0    0    0    0    0    0    
#Delay 4.010000    0    0    0    0    0    0    0    0    0    0    0    0    0    0    0    0    0    0    0    0    0    0    0    0    0    0    0    0    0    1    0    0    0    0    0    0    0    0    0    0    0    0    0    0    0    0    0    0    0    0    0    0    0    0    0    
#Delay 4.260000    0    0    0    0    0    0    0    0    0    0    0    0    0    0    0    0    0    0    0    0    0    0    0    0    0    0    0    0    0    0    0    0    0    0    0    0    0    0    0    0    0    0    0    0    0    0    0    0    0    0    0    0    0    0    0    
#Delay 4.510000    0    0    0    0    0    0    0    0    0    0    0    0    0    0    0    0    0    0    0    0    0    0    0    0    0    0    0    0    0    1    0    0    0    0    0    0    0    0    0    0    0    0    0    0    0    0    0    0    0    0    0    0    0    0    0    
#Delay 4.760000    0    0    0    0    0    0    0    0    0    0    0    0    0    0    0    0    0    0    0    0    0    0    0    0    0    0    0    0    0    0    0    0    0    0    0    0    0    0    0    0    0    0    0    0    0    0    0    0    0    0    0    0    0    0    0    
#Delay 5.010000    0    0    0    0    0    0    0    0    0    0    0    0    0    0    0    0    0    0    0    0    0    0    0    0    0    0    0    0    0    0    0    0    0    0    0    0    0    0    0    0    0    0    0    0    0    0    0    0    0    0    0    0    0    0    0    
#Delay 5.260000    0    0    0    0    0    0    0    0    0    0    0    0    0    0    0    0    0    0    0    0    0    0    0    0    0    0    0    0    0    1    0    0    0    0    0    0    0    0    0    0    0    0    0    0    0    0    0    0    0    0    0    0    0    0    0    
#Delay 5.510000    0    0    0    0    0    0    0    0    0    0    0    0    0    0    0    0    0    0    0    0    0    0    0    0    0    0    0    0    0    0    0    0    0    0    0    0    0    0    0    0    0    0    0    0    0    0    0    0    0    0    0    0    0    0    0    
#Delay 5.760000    0    0    0    0    0    0    0    0    0    0    0    0    0    0    0    0    0    0    0    0    0    0    0    0    0    0    0    0    0    1    0    0    0    0    0    0    0    0    0    0    0    0    0    0    0    0    0    0    0    0    0    0    0    0    0    
#Delay 6.010000    0    0    0    0    0    0    0    0    0    0    0    0    0    0    0    0    0    0    0    0    0    0    0    0    0    0    0    0    0    0    0    0    0    0    0    0    0    0    0    0    0    0    0    0    0    0    0    0    0    0    0    0    0    0    0    
#Delay 6.260000    0    0    0    0    0    0    0    0    0    0    0    0    0    0    0    0    0    0    0    0    0    0    0    0    0    0    0    0    0    0    0    0    0    0    0    0    0    0    0    0    0    0    0    0    0    0    0    0    0    0    0    0    0    0    0    
#Delay 6.510000    0    0    0    0    0    0    0    0    0    0    0    0    0    0    0    0    0    0    0    0    0    0    0    0    0    0    0    0    0    0    0    0    0    0    2    0    0    0    0    0    0    0    0    0    0    0    0    0    0    0    0    0    0    0    0    
#Delay 6.760000    0    0    0    0    0    0    0    0    0    0    0    0    0    0    0    0    0    0    0    0    0    0    0    0    0    0    0    0    0    1    0    0    0    0    0    0    0    0    0    0    0    0    0    0    0    0    0    0    0    0    0    0    0    0    0    
#PIXEL  #BOARD  #CHANNEL  #MACROCELL L1  #ALL MACROCELLS  #ATTENUATION
502        1        20        1        1,0,0        14.374254
292        2        20        3        3,0,0        12.429546
490        3        13        7        7,0,0        10.382927
301        4        13        9        6,9,0        10.515869
145        5        10        12        5,12,0        11.074696
139        6        3        15        10,15,0        10.226662
283        7        4        18        13,18,0        11.694580
405        7        19        31        26,31,0        11.556015
112        8        31        27        20,27,0        9.032438
439        8        1        23        17,23,0        10.319077
4        9        17        28        16,28,0        9.237236
96        10        14        30        21,30,0        8.951126
253        12        10        36        29,36,0        10.519346
84        13        17        42        33,42,0        10.951712
90        14        6        45        34,45,0        10.287621
219        15        2        47        38,47,0        8.590561
381        15        29        49        40,49,0        9.177826
210        16        25        53        44,53,0        8.174892
393        17        22        55        48,55,0        8.936628
#Delay 0.010000    0    0    1    0    0    0    0    0    0    25    0    0    1    0    25    11    0    2    0    25    25    0    0    0    0    0    25    21    25    25    0    0    20    18    0    22    0    25    0    25    0    20    0    25    5    0    25    12    23    0    0    0    25    0    25    
#Delay 0.260000    0    0    0    0    0    0    0    0    0    25    0    0    0    0    25    2    0    0    0    25    25    0    0    0    0    0    25    13    23    25    0    0    11    6    0    16    0    25    0    24    0    12    0    22    1    0    25    5    23    0    0    0    25    0    25    
#Delay 0.510000    0    0    0    0    0    0    0    0    0    25    0    0    0    0    25    0    0    0    0    25    25    0    0    0    0    0    25    6    21    25    0    0    4    1    0    6    0    25    0    16    0    6    0    13    0    0    25    1    13    0    0    0    25    0    25    
#Delay 0.760000    0    0    0    0    0    0    0    0    0    24    0    0    0    0    24    0    0    0    0    24    24    0    0    0    0    0    24    1    11    24    0    0    0    0    0    0    0    24    0    8    0    0    0    2    0    0    24    0    4    0    0    0    24    0    24    
#Delay 1.010000    0    0    0    0    0    0    0    0    0    24    0    0    0    0    24    0    0    0    0    24    24    0    0    0    0    0    24    0    6    24    0    0    0    0    0    0    0    23    0    2    0    0    0    1    0    0    18    0    0    0    0    0    24    0    24    
#Delay 1.260000    0    0    0    0    0    0    0    0    0    17    0    0    0    0    19    0    0    0    0    25    25    0    0    0    0    0    24    0    1    25    0    0    0    0    0    0    0    18    0    0    0    0    0    0    0    0    7    0    0    0    0    0    25    0    25    
#Delay 1.510000    0    0    0    0    0    0    0    0    0    10    0    0    0    0    14    0    0    0    0    21    24    0    0    0    0    0    16    0    0    24    0    0    0    0    0    0    0    5    0    0    0    0    0    0    0    0    0    0    0    0    0    0    24    0    24    
#Delay 1.760000    0    0    0    0    0    0    0    0    0    4    0    0    0    0    6    0    0    0    0    14    24    0    0    0    0    0    4    0    0    25    0    0    0    0    0    0    0    2    0    0    0    0    0    0    0    0    1    0    0    0    0    0    25    0    25    
#Delay 2.010000    0    0    0    0    0    0    0    0    0    1    0    0    0    0    1    0    0    0    0    2    14    0    0    0    0    0    1    0    0    23    0    0    0    0    0    0    0    0    0    0    0    0    0    0    0    0    0    0    0    0    0    0    25    0    21    
#Delay 2.260000    0    0    0    0    0    0    0    0    0    0    0    0    0    0    0    0    0    0    0    1    2    0    0    0    0    0    0    0    0    19    0    0    0    0    0    0    0    0    0    0    0    0    0    0    0    0    0    0    0    0    0    0    25    0    14    
#Delay 2.510000    0    0    0    0    0    0    0    0    0    0    0    0    0    0    0    0    0    0    0    0    2    0    0    0    0    0    0    0    0    12    0    0    0    0    0    0    0    0    0    0    0    0    0    0    0    0    0    0    0    0    0    0    24    0    6    
#Delay 2.760000    0    0    0    0    0    0    0    0    0    0    0    0    0    0    0    0    0    0    0    0    0    0    0    0    0    0    0    0    0    1    0    0    0    0    0    0    0    0    0    0    0    0    0    0    0    0    0    0    0    0    0    0    19    0    0    
#Delay 3.010000    0    0    0    0    0    0    0    0    0    0    0    0    0    0    0    0    0    0    0    0    0    0    0    0    0    0    0    0    0    0    0    0    0    0    0    0    0    0    0    0    0    0    0    0    0    0    0    0    0    0    0    0    15    0    0    
#Delay 3.260000    0    0    0    0    0    0    0    0    0    0    0    0    0    0    0    0    0    0    0    0    0    0    0    0    0    0    0    0    0    0    0    0    0    0    0    0    0    0    0    0    0    0    0    0    0    0    0    0    0    0    0    0    5    0    0    
#Delay 3.510000    0    0    0    0    0    0    0    0    0    0    0    0    0    0    0    0    0    0    0    0    0    0    0    0    0    0    0    0    0    0    0    0    0    0    0    0    0    0    0    0    0    0    0    0    0    0    0    0    0    0    0    0    1    0    0    
#Delay 3.760000    0    0    0    0    0    0    0    0    0    0    0    0    0    0    0    0    0    0    0    0    0    0    0    0    0    0    0    0    0    0    0    0    0    0    0    0    0    0    0    0    0    0    0    0    0    0    0    0    0    0    0    0    0    0    0    
#Delay 4.010000    0    0    0    0    0    0    0    0    0    0    0    0    0    0    0    0    0    0    0    0    0    0    0    0    0    0    0    0    0    1    0    0    0    0    0    0    0    0    0    0    0    0    0    0    0    0    0    0    0    0    0    0    0    0    0    
#Delay 4.260000    0    0    0    0    0    0    0    0    0    0    0    0    0    0    0    0    0    0    0    0    0    0    0    0    0    0    0    0    0    2    0    0    0    0    0    0    0    0    0    0    0    0    0    0    0    0    0    0    0    0    0    0    0    0    0    
#Delay 4.510000    0    0    0    0    0    0    0    0    0    0    0    0    0    0    0    0    0    0    0    0    0    0    0    0    0    0    0    0    0    0    0    0    0    0    0    0    0    0    0    0    0    0    0    0    0    0    0    0    0    0    0    0    0    0    0    
#Delay 4.760000    0    0    0    0    0    0    0    0    0    0    0    0    0    0    0    0    0    0    0    0    0    0    0    0    0    0    0    0    0    1    0    0    0    0    0    0    0    0    0    0    0    0    0    0    0    0    0    0    0    0    0    0    0    0    0    
#Delay 5.010000    0    0    0    0    0    0    0    0    0    0    0    0    0    0    0    0    0    0    0    0    0    0    0    0    0    0    0    0    0    0    0    0    0    0    0    0    0    0    0    0    0    0    0    0    0    0    0    0    0    0    0    0    0    0    0    
#Delay 5.260000    0    0    0    0    0    0    0    0    0    0    0    0    0    0    0    0    0    0    0    0    0    0    0    0    0    0    0    0    0    0    0    0    0    0    0    0    0    0    0    0    0    0    0    0    0    0    0    0    0    0    0    0    0    0    0    
#Delay 5.510000    0    0    0    0    0    0    0    0    0    0    0    0    0    0    0    0    0    0    0    0    0    0    0    0    0    0    0    0    0    0    0    0    0    0    0    0    0    0    0    0    0    0    0    0    0    0    0    0    0    0    0    0    0    0    0    
#Delay 5.760000    0    0    0    0    0    0    0    0    0    0    0    0    0    0    0    0    0    0    0    0    0    0    0    0    0    0    0    0    0    1    0    0    0    0    0    0    0    0    0    0    0    0    0    0    0    0    0    0    0    0    0    0    0    0    0    
#Delay 6.010000    0    0    0    0    0    0    0    0    0    0    0    0    0    0    0    0    0    0    0    0    0    0    0    0    0    0    0    0    0    0    0    0    0    0    0    0    0    0    0    0    0    0    0    0    0    0    0    0    0    0    0    0    0    0    0    
#Delay 6.260000    0    0    0    0    0    0    0    0    0    0    0    0    0    0    0    0    0    0    0    0    0    0    0    0    0    0    0    0    0    1    0    0    0    0    0    0    0    0    0    0    0    0    0    0    0    0    0    0    0    0    0    0    0    0    0    
#Delay 6.510000    0    0    0    0    0    0    0    0    0    0    0    0    0    0    0    0    0    0    0    0    0    0    0    0    0    0    0    0    0    2    0    0    0    0    0    0    0    0    0    0    0    0    0    0    0    0    0    0    0    0    0    0    0    0    0    
#Delay 6.760000    0    0    0    0    0    0    0    0    0    0    0    0    0    0    0    0    0    0    0    0    0    0    0    0    0    0    0    0    0    0    0    0    0    0    0    0    0    0    0    0    0    0    0    0    0    0    0    0    0    0    0    0    0    0    0    
#PIXEL  #BOARD  #CHANNEL  #MACROCELL L1  #ALL MACROCELLS  #ATTENUATION
427        1        11        1        1,2,0        13.922136
291        2        19        3        3,4,0        10.935677
489        3        12        7        7,0,0        11.737946
244        4        6        9        8,9,0        10.149206
106        5        9        12        11,12,0        10.432430
138        6        9        15        14,15,0        10.336409
282        7        10        18        18,0,0        10.253727
370        7        29        23        19,23,0        10.102985
79        8        25        27        24,27,0        11.717716
3        9        18        28        22,28,0        10.697964
132        10        19        30        25,30,0        11.084290
477        11        13        31        31,0,0        11.526459
202        12        4        36        35,36,0        11.321438
85        13        12        42        37,42,0        12.156998
126        14        7        45        39,45,0        9.090940
273        15        8        47        41,47,0        9.611647
382        15        30        49        46,49,0        9.742554
264        16        26        53        50,53,0        10.216766
465        17        29        55        51,55,0        8.541191
#Delay 0.010000    18    23    17    17    0    0    13    25    21    0    25    25    0    25    25    0    0    23    20    0    0    0    25    23    25    0    25    0    0    25    0    0    0    0    7    1    3    0    25    0    25    1    0    0    25    24    25    0    24    0    6    0    25    0    25    
#Delay 0.260000    9    22    9    10    0    0    4    22    16    0    25    23    0    25    24    0    0    10    8    0    0    0    18    11    22    0    18    0    0    21    0    0    0    0    1    0    0    0    25    0    25    0    0    0    25    16    25    0    15    0    0    0    19    0    25    
#Delay 0.510000    0    14    1    2    0    0    1    12    7    0    25    20    0    25    22    0    0    6    2    0    0    0    12    4    19    0    11    0    0    15    0    0    0    0    0    0    0    0    25    0    25    0    0    0    25    10    25    0    7    0    1    0    14    0    25    
#Delay 0.760000    0    7    0    1    0    0    0    6    2    0    15    6    0    22    13    0    0    1    1    0    0    0    7    3    7    0    3    0    0    4    0    0    0    0    0    0    0    0    24    0    25    0    0    0    25    3    25    0    2    0    0    0    3    0    25    
#Delay 1.010000    0    1    0    0    0    0    0    0    0    0    5    1    0    18    4    0    0    0    0    0    0    0    1    0    1    0    0    0    0    2    0    0    0    0    0    0    0    0    20    0    24    0    0    0    22    0    24    0    0    0    0    0    1    0    25    
#Delay 1.260000    0    0    0    0    0    0    0    0    0    0    0    0    0    2    0    0    0    0    0    0    0    0    0    0    0    0    0    0    0    0    0    0    0    0    1    0    0    0    14    0    15    0    0    0    16    0    17    0    0    0    0    0    0    0    25    
#Delay 1.510000    0    0    0    0    0    0    0    0    0    0    0    0    0    2    0    0    0    0    0    0    0    0    0    0    0    0    0    0    0    2    0    0    0    0    0    0    0    0    2    0    7    0    0    0    7    0    10    0    0    0    0    0    0    0    25    
#Delay 1.760000    0    0    0    0    0    0    0    0    0    0    0    0    0    0    0    0    0    0    0    0    0    0    0    0    0    0    0    0    0    4    0    0    0    0    0    0    0    0    1    0    0    0    0    0    1    0    0    0    0    0    0    0    0    0    25    
#Delay 2.010000    0    0    0    0    0    0    0    0    0    0    0    0    0    0    0    0    0    0    0    0    0    0    0    0    0    0    0    0    0    2    0    0    0    0    0    0    0    0    0    0    0    0    0    0    0    0    0    0    0    0    0    0    0    0    26    
#Delay 2.260000    0    0    0    0    0    0    0    0    0    0    0    0    0    0    0    0    0    0    0    0    0    0    0    0    0    0    0    0    0    0    0    0    0    0    0    0    0    0    0    0    0    0    0    0    0    0    0    0    0    0    0    0    0    0    25    
#Delay 2.510000    0    0    0    0    0    0    0    0    0    0    0    0    0    0    0    0    0    0    0    0    0    0    0    0    0    0    0    0    0    0    0    0    0    0    0    0    0    0    0    0    0    0    0    0    0    0    0    0    0    0    0    0    0    0    20    
#Delay 2.760000    0    0    0    0    0    0    0    0    0    0    0    0    0    0    0    0    0    0    0    0    0    0    0    0    0    0    0    0    0    1    0    0    0    0    1    0    0    0    0    0    0    0    0    0    0    0    0    0    0    0    0    0    0    0    8    
#Delay 3.010000    0    0    0    0    0    0    0    0    0    0    0    0    0    0    0    0    0    0    0    0    0    0    0    0    0    0    0    0    0    0    0    0    0    0    0    0    0    0    0    0    0    0    0    0    0    0    0    0    0    0    0    0    0    0    1    
#Delay 3.260000    0    0    0    0    0    0    0    0    0    0    0    0    0    0    0    0    0    0    0    0    0    0    0    0    0    0    0    0    0    4    0    0    0    0    1    0    0    0    0    0    0    0    0    0    0    0    0    0    0    0    0    0    0    0    0    
#Delay 3.510000    0    0    0    0    0    0    0    0    0    0    0    0    0    0    0    0    0    0    0    0    0    0    0    0    0    0    0    0    0    1    0    0    0    0    1    0    0    0    0    0    0    0    0    0    0    0    0    0    0    0    0    0    0    0    0    
#Delay 3.760000    0    0    0    0    0    0    0    0    0    0    0    0    0    0    0    0    0    0    0    0    0    0    0    0    0    0    0    0    0    0    0    0    0    0    0    0    0    0    0    0    0    0    0    0    0    0    0    0    0    0    0    0    0    0    0    
#Delay 4.010000    0    0    0    0    0    0    0    0    0    0    0    0    0    0    0    0    0    0    0    0    0    0    0    0    0    0    0    0    0    1    0    0    0    0    2    0    0    0    0    0    0    0    0    0    0    0    0    0    0    0    0    0    0    0    0    
#Delay 4.260000    0    0    0    0    0    0    0    0    0    0    0    0    0    0    0    0    0    0    0    0    0    0    0    0    0    0    0    0    0    0    0    0    0    0    0    0    0    0    0    0    0    0    0    0    0    0    0    0    0    0    1    0    0    0    0    
#Delay 4.510000    0    0    0    0    0    0    0    0    0    0    0    0    0    0    0    0    0    0    0    0    0    0    0    0    0    0    0    0    0    0    0    0    0    0    0    0    0    0    0    0    0    0    0    0    0    0    0    0    0    0    0    0    0    0    0    
#Delay 4.760000    0    0    0    0    0    0    0    0    0    0    0    0    0    0    0    0    0    0    0    0    0    0    0    0    0    0    0    0    0    0    0    0    0    0    0    0    0    0    0    0    0    0    0    0    0    0    0    0    0    0    0    0    0    0    0    
#Delay 5.010000    0    0    0    0    0    0    0    0    0    0    0    0    0    0    0    0    0    0    0    0    0    0    0    0    0    0    0    0    0    1    0    0    0    0    0    0    0    0    0    0    0    0    0    0    0    0    0    0    0    0    1    0    0    0    0    
#Delay 5.260000    0    0    0    0    0    0    0    0    0    0    0    0    0    0    0    0    0    0    0    0    0    0    0    0    0    0    0    0    0    1    0    0    0    0    0    0    0    0    0    0    0    0    0    0    0    0    0    0    0    0    0    0    0    0    0    
#Delay 5.510000    0    0    0    0    0    0    0    0    0    0    0    0    0    0    0    0    0    0    0    0    0    0    0    0    0    0    0    0    0    0    0    0    0    0    0    0    0    0    0    0    0    0    0    0    0    0    0    0    0    0    1    0    0    0    0    
#Delay 5.760000    0    0    0    0    0    0    0    0    0    0    0    0    0    0    0    0    0    0    0    0    0    0    0    0    0    0    0    0    0    1    0    0    0    0    1    0    0    0    0    0    0    0    0    0    0    0    0    0    0    0    0    0    0    0    0    
#Delay 6.010000    0    0    0    0    0    0    0    0    0    0    0    0    0    0    0    0    0    0    0    0    0    0    0    0    0    0    0    0    0    0    0    0    0    0    0    0    0    0    0    0    0    0    0    0    0    0    0    0    0    0    0    0    0    0    0    
#Delay 6.260000    0    0    0    0    0    0    0    0    0    0    0    0    0    0    0    0    0    0    0    0    0    0    0    0    0    0    0    0    0    0    0    0    0    0    0    0    0    0    0    0    0    0    0    0    0    0    0    0    0    0    0    0    0    0    0    
#Delay 6.510000    0    0    0    0    0    0    0    0    0    0    0    0    0    0    0    0    0    0    0    0    0    0    0    0    0    0    0    0    0    0    0    0    0    0    0    0    0    0    0    0    0    0    0    0    0    0    0    0    0    0    0    0    0    0    0    
#Delay 6.760000    0    0    0    0    0    0    0    0    0    0    0    0    0    0    0    0    0    0    0    0    0    0    0    0    0    0    0    0    0    0    0    0    0    0    0    0    0    0    0    0    0    0    0    0    0    0    0    0    0    0    0    0    0    0    0    
#PIXEL  #BOARD  #CHANNEL  #MACROCELL L1  #ALL MACROCELLS  #ATTENUATION
358        1        4        1        1,2,5        11.310062
290        2        18        3        3,4,10        10.103336
193        3        32        9        8,9,20        10.226036
488        3        11        7        7,13,0        11.107540
73        5        8        12        11,12,16        9.368370
137        6        14        15        14,15,21        10.318806
307        7        26        23        19,23,29        11.208456
342        7        15        18        18,26,0        9.437637
52        8        20        27        24,27,33        11.666718
9        9        19        28        22,28,34        10.261909
174        10        25        30        25,30,38        8.175249
203        11        31        36        35,36,40        11.120216
555        11        18        31        31,0,0        10.854382
86        13        7        42        37,42,44        10.548801
168        14        8        45        39,45,48        12.046112
333        15        15        47        41,47,0        10.656038
383        15        31        49        46,49,52        8.769907
324        16        27        53        50,53,54        10.616669
543        18        6        55        51,55,0        9.046680
#Delay 0.010000    0    0    18    15    0    0    3    0    0    16    25    25    10    24    21    25    0    25    23    0    11    25    25    0    25    25    0    25    25    25    19    0    0    25    13    2    24    25    0    2    1    22    0    24    0    23    1    0    23    0    2    25    25    0    25    
#Delay 0.260000    0    0    10    8    0    0    0    0    0    9    25    25    4    21    15    25    0    25    17    0    3    24    22    0    25    25    0    24    24    25    11    0    0    23    10    0    23    25    0    0    0    14    0    23    0    22    0    0    23    0    0    25    25    0    25    
#Delay 0.510000    0    0    4    2    0    0    0    0    0    2    25    25    0    12    9    25    0    25    13    0    1    16    19    0    25    25    0    19    22    25    2    0    0    15    0    0    13    25    0    0    0    5    0    13    0    16    0    0    19    0    0    25    25    0    25    
#Delay 0.760000    0    0    0    0    0    0    0    0    0    0    25    25    0    3    1    25    0    25    2    0    0    10    3    0    25    25    0    16    9    25    1    0    0    10    0    0    7    25    0    0    0    1    0    6    0    5    0    0    9    0    0    25    25    0    25    
#Delay 1.010000    0    0    0    0    0    0    0    0    0    0    24    24    0    0    0    18    0    23    0    0    0    1    1    0    25    23    0    2    1    25    0    0    0    1    1    0    0    25    0    0    0    0    0    0    0    1    0    0    1    0    0    25    24    0    25    
#Delay 1.260000    0    0    0    0    0    0    0    0    0    0    21    17    0    0    0    12    0    18    0    0    0    0    0    0    25    19    0    1    0    25    0    0    0    0    0    0    0    25    0    0    0    0    0    0    0    0    0    0    0    0    0    25    21    0    25    
#Delay 1.510000    0    0    0    0    0    0    0    0    0    0    13    11    0    0    0    3    0    10    0    0    0    0    0    0    24    10    0    0    0    24    0    0    0    0    0    0    0    24    0    0    0    0    0    0    0    0    0    0    0    0    0    25    17    0    25    
#Delay 1.760000    0    0    0    0    0    0    0    0    0    0    5    3    0    0    0    0    0    3    0    0    0    0    0    0    21    3    0    0    0    22    0    0    0    0    1    0    0    24    0    0    0    0    0    0    0    0    0    0    0    0    0    25    9    0    25    
#Delay 2.010000    0    0    0    0    0    0    0    0    0    0    1    0    0    0    0    0    0    0    0    0    0    0    0    0    13    0    0    0    0    18    0    0    0    0    0    0    0    17    0    0    0    0    0    0    0    0    0    0    0    0    0    25    1    0    20    
#Delay 2.260000    0    0    0    0    0    0    0    0    0    0    0    0    0    0    0    0    0    0    0    0    0    0    0    0    2    0    0    0    0    7    0    0    0    0    0    0    0    8    0    0    0    0    0    0    0    0    0    0    0    0    0    24    0    0    19    
#Delay 2.510000    0    0    0    0    0    0    0    0    0    0    0    0    0    0    0    0    0    0    0    0    0    0    0    0    0    0    0    0    0    2    0    0    0    0    1    0    0    2    0    0    0    0    0    0    0    0    0    0    0    0    0    25    0    0    14    
#Delay 2.760000    0    0    0    0    0    0    0    0    0    0    0    0    0    0    0    0    0    0    0    0    0    0    0    0    0    0    0    0    0    0    0    0    0    0    0    0    0    0    0    0    0    0    0    0    0    0    0    0    0    0    0    26    0    0    7    
#Delay 3.010000    0    0    0    0    0    0    0    0    0    0    0    0    0    0    0    0    0    0    0    0    0    0    0    0    0    0    0    0    0    1    0    0    0    0    0    0    0    0    0    0    0    0    0    0    0    0    0    0    0    0    0    24    0    0    0    
#Delay 3.260000    0    0    0    0    0    0    0    0    0    0    0    0    0    0    0    0    0    0    0    0    0    0    0    0    0    0    0    0    0    1    0    0    0    0    1    0    0    0    0    0    0    0    0    0    0    0    0    0    0    0    0    23    0    0    0    
#Delay 3.510000    0    0    0    0    0    0    0    0    0    0    0    0    0    0    0    0    0    0    0    0    0    0    0    0    0    0    0    0    0    1    0    0    0    0    1    0    0    0    0    0    0    0    0    0    0    0    0    0    0    0    0    16    0    0    0    
#Delay 3.760000    0    0    0    0    0    0    0    0    0    0    0    0    0    0    0    0    0    0    0    0    0    0    0    0    0    0    0    0    0    2    0    0    0    0    1    0    0    0    0    0    0    0    0    0    0    0    0    0    0    0    1    0    0    0    0    
#Delay 4.010000    0    0    0    0    0    0    0    0    0    0    0    0    0    0    0    0    0    0    0    0    0    0    0    0    0    0    0    0    0    1    0    0    0    0    0    0    0    0    0    0    0    0    0    0    0    0    0    0    0    0    0    0    0    0    0    
#Delay 4.260000    0    0    0    0    0    0    0    0    0    0    0    0    0    0    0    0    0    0    0    0    0    0    0    0    0    0    0    0    0    1    0    0    0    0    0    0    0    0    0    0    0    0    0    0    0    0    0    0    0    0    0    0    0    0    0    
#Delay 4.510000    0    0    0    0    0    0    0    0    0    0    0    0    0    0    0    0    0    0    0    0    0    0    0    0    0    0    0    0    0    1    0    0    0    0    0    0    0    0    0    0    0    0    0    0    0    0    0    0    0    0    0    0    0    0    0    
#Delay 4.760000    0    0    0    0    0    0    0    0    0    0    0    0    0    0    0    0    0    0    0    0    0    0    0    0    0    0    0    0    0    2    0    0    0    0    0    0    0    0    0    0    0    0    0    0    0    0    0    0    0    0    0    0    0    0    0    
#Delay 5.010000    0    0    0    0    0    0    0    0    0    0    0    0    0    0    0    0    0    0    0    0    0    0    0    0    0    0    0    0    0    0    0    0    0    0    0    0    0    0    0    0    0    0    0    0    0    0    0    0    0    0    0    0    0    0    0    
#Delay 5.260000    0    0    0    0    0    0    0    0    0    0    0    0    0    0    0    0    0    0    0    0    0    0    0    0    0    0    0    0    0    3    0    0    0    0    0    0    0    0    0    0    0    0    0    0    0    0    0    0    0    0    0    0    0    0    0    
#Delay 5.510000    0    0    0    0    0    0    0    0    0    0    0    0    0    0    0    0    0    0    0    0    0    0    0    0    0    0    0    0    0    0    0    0    0    0    0    0    0    0    0    0    0    0    0    0    0    0    0    0    0    0    0    0    0    0    0    
#Delay 5.760000    0    0    0    0    0    0    0    0    0    0    0    0    0    0    0    0    0    0    0    0    0    0    0    0    0    0    0    0    0    0    0    0    0    0    0    0    0    0    0    0    0    0    0    0    0    0    0    0    0    0    0    0    0    0    0    
#Delay 6.010000    0    0    0    0    0    0    0    0    0    0    0    0    0    0    0    0    0    0    0    0    0    0    0    0    0    0    0    0    0    0    0    0    0    0    0    0    0    0    0    0    0    0    0    0    0    0    0    0    0    0    0    0    0    0    0    
#Delay 6.260000    0    0    0    0    0    0    0    0    0    0    0    0    0    0    0    0    0    0    0    0    0    0    0    0    0    0    0    0    0    0    0    0    0    0    0    0    0    0    0    0    0    0    0    0    0    0    0    0    0    0    0    0    0    0    0    
#Delay 6.510000    0    0    0    0    0    0    0    0    0    0    0    0    0    0    0    0    0    0    0    0    0    0    0    0    0    0    0    0    0    0    0    0    0    0    0    0    0    0    0    0    0    0    0    0    0    0    0    0    0    0    0    0    0    0    0    
#Delay 6.760000    0    0    0    0    0    0    0    0    0    0    0    0    0    0    0    0    0    0    0    0    0    0    0    0    0    0    0    0    0    0    0    0    0    0    0    0    0    0    0    0    0    0    0    0    0    0    0    0    0    0    0    0    0    0    0    
#PIXEL  #BOARD  #CHANNEL  #MACROCELL L1  #ALL MACROCELLS  #ATTENUATION
356        1        14        3        2,3,0        13.750446
584        1        27        1        1,0,0        13.362747
418        2        28        7        4,7,0        11.820343
365        4        20        9        9,0,0        11.650993
103        5        25        15        11,15,0        9.812580
191        5        6        12        8,12,0        10.655695
229        6        24        18        14,18,0        6.178818
596        8        9        23        23,0,0        7.511800
14        9        22        28        24,28,0        10.627274
197        9        6        27        19,27,0        10.531286
41        10        9        30        22,30,0        8.331514
278        11        3        31        25,31,0        9.204266
374        12        22        36        32,36,0        11.049847
117        13        29        42        35,42,0        10.179680
59        14        10        45        37,45,0        10.978405
128        14        28        47        39,47,0        11.138401
450        15        32        49        43,49,0        11.378750
261        16        29        53        46,53,0        8.709002
326        17        17        55        50,55,0        7.617267
#Delay 0.010000    0    0    0    0    0    0    0    0    0    0    0    0    0    0    0    0    0    0    0    0    0    0    0    0    0    0    0    0    0    0    0    0    0    0    0    0    0    0    0    0    0    0    0    0    0    0    0    0    0    0    0    0    0    0    0    
#Delay 0.260000    0    0    0    0    0    0    0    0    0    0    0    0    0    0    0    0    0    0    0    0    0    0    0    0    0    0    0    0    0    0    0    0    0    0    0    0    0    0    0    0    0    0    0    0    0    0    0    0    0    0    0    0    0    0    0    
#Delay 0.510000    0    0    0    0    0    0    0    0    0    0    0    0    0    0    0    0    0    0    0    0    0    0    0    0    0    0    0    0    0    0    0    0    0    0    0    0    0    0    0    0    0    0    0    0    0    0    0    0    0    0    0    0    0    0    0    
#Delay 0.760000    0    0    0    0    0    0    0    0    0    0    0    0    0    0    0    0    0    0    0    0    0    0    0    0    0    0    0    0    0    0    0    0    0    0    0    0    0    0    0    0    0    0    0    0    0    0    0    0    0    0    0    0    0    0    0    
#Delay 1.010000    0    0    0    0    0    0    0    0    0    0    0    0    0    0    0    0    0    0    0    0    0    0    0    0    0    0    0    0    0    0    0    0    0    0    0    0    0    0    0    0    0    0    0    0    0    0    0    0    0    0    0    0    0    0    0    
#Delay 1.260000    0    0    0    0    0    0    0    0    0    0    0    0    0    0    0    0    0    0    0    0    0    0    0    0    0    0    0    0    0    0    0    0    0    0    0    0    0    0    0    0    0    0    0    0    0    0    0    0    0    0    0    0    0    0    0    
#Delay 1.510000    0    0    0    0    0    0    0    0    0    0    0    0    0    0    0    0    0    0    0    0    0    0    0    0    0    0    0    0    0    0    0    0    0    0    0    0    0    0    0    0    0    0    0    0    0    0    0    0    0    0    0    0    0    0    0    
#Delay 1.760000    0    0    0    0    0    0    0    0    0    0    0    0    0    0    0    0    0    0    0    0    0    0    0    0    0    0    0    0    0    0    0    0    0    0    0    0    0    0    0    0    0    0    0    0    0    0    0    0    0    0    0    0    0    0    0    
#Delay 2.010000    0    0    0    0    0    0    0    0    0    0    0    0    0    0    0    0    0    0    0    0    0    0    0    0    0    0    0    0    0    0    0    0    0    0    0    0    0    0    0    0    0    0    0    0    0    0    0    0    0    0    0    0    0    0    0    
#Delay 2.260000    0    0    0    0    0    0    0    0    0    0    0    0    0    0    0    0    0    0    0    0    0    0    0    0    0    0    0    0    0    0    0    0    0    0    0    0    0    0    0    0    0    0    0    0    0    0    0    0    0    0    0    0    0    0    0    
