#Threshold [V]     #Macrocell
1000.000000          1
1000.000000          2
1000.000000          3
1000.000000          4
1000.000000          5
1000.000000          6
1000.000000          7
1000.000000          8
1000.000000          9
1000.000000          10
1000.000000          11
1000.000000          12
1000.000000          13
1000.000000          14
1000.000000          15
1000.000000          16
1000.000000          17
1000.000000          18
1000.000000          19
1000.000000          20
1000.000000          21
1000.000000          22
1000.000000          23
1000.000000          24
1000.000000          25
1000.000000          26
1000.000000          27
1000.000000          28
1000.000000          29
1000.000000          30
1000.000000          31
1000.000000          32
1000.000000          33
1000.000000          34
1000.000000          35
1000.000000          36
1000.000000          37
1000.000000          38
1000.000000          39
1000.000000          40
1000.000000          41
1000.000000          42
1000.000000          43
1000.000000          44
1000.000000          45
1000.000000          46
1000.000000          47
1000.000000          48
1000.000000          49
1000.000000          50
1000.000000          51
1000.000000          52
1000.000000          53
1000.000000          54
1000.000000          55
#Threshold [V]     #Macrocell
1000.000000          1
1000.000000          2
1000.000000          3
1000.000000          4
1000.000000          5
1000.000000          6
1000.000000          7
1000.000000          8
1000.000000          9
1000.000000          10
1000.000000          11
1000.000000          12
1000.000000          13
1000.000000          14
1000.000000          15
1000.000000          16
1000.000000          17
1000.000000          18
1000.000000          19
1000.000000          20
1000.000000          21
1000.000000          22
1000.000000          23
1000.000000          24
1000.000000          25
1000.000000          26
1000.000000          27
1000.000000          28
1000.000000          29
1000.000000          30
1000.000000          31
1000.000000          32
1000.000000          33
1000.000000          34
1000.000000          35
1000.000000          36
1000.000000          37
1000.000000          38
1000.000000          39
1000.000000          40
1000.000000          41
1000.000000          42
1000.000000          43
1000.000000          44
1000.000000          45
1000.000000          46
1000.000000          47
1000.000000          48
1000.000000          49
1000.000000          50
1000.000000          51
1000.000000          52
1000.000000          53
1000.000000          54
1000.000000          55
